[[4.1945, 2.9823, 3.4713, 2.5911, 2.5682, 2.2304, 1.9542, 2.5315, 2.7782, 3.4669, 2.5563, 2.9731, 3.4425, 3.0128, 2.5911, 2.7709, 2.3424, 3.1072, 2.4472, 2.5185, 3.1271, 2.8692, 2.4914, 2.2041, 2.6128, 2.959, 2.4771, 0, 2.6128, 2.0, 3.2742, 2.4472, 2.2041, 2.2041, 2.2788, 3.2967, 2.5185, 2.4771, 2.7853, 2.3424, 2.1761, 1.9031, 2.3222, 2.3424, 1.9542, 2.8062, 2.5185, 1.301, 1.6021, 2.5185, 1.7782, 2.5441, 2.3802, 2.4624, 2.5798, 2.2041, 2.0414, 2.2788, 2.3802, 2.5798, 2.3802, 2.3222, 1.699, 2.6628, 2.4472, 1.4771, 2.5315, 2.1461, 2.7324, 2.6902, 2.0, 2.959, 2.301, 1.6021, 2.2788, 2.5185, 2.2788, 2.0, 2.3424, 2.2788, 2.1139, 2.0, 2.1139, 1.7782, 1.7782, 2.2788, 1.6021, 2.301, 3.0, 2.2553, 2.8129, 1.4771, 2.4624, 2.5563, 1.7782, 1.6021, 2.1139, 2.1761, 1.699, 2.2553, 2.3424, 1.8451, 2.2788, 2.4914, 2.7993, 2.7853, 2.3802, 1.4771, 2.1761, 1.4771, 2.5798, 1.4771, 2.4771, 2.415, 2.3802, 1.9542, 1.6021, 2.2553, 2.6232, 1.699, 2.5911, 2.0, 2.5185, 1.7782, 1.8451, 2.3617, 1.9031, 2.3979, 1.7782, 1.9542, 2.0, 2.2553, 2.2041, 2.3979, 2.2304, 2.4914, 2.2553, 2.2041, 2.2304, 2.1761, 2.1761, 2.3222, 2.415, 1.9031, 2.2041, 2.5911, 2.5051, 1.8451, 1.0, 1.0, 1.9031, 2.0, 2.0414, 1.9031, 2.1139, 2.2041, 2.0414, 1.0, 2.2553, 2.0414, 1.301, 1.0, 2.3424, 2.3802, 1.9031, 1.699, 2.1761, 2.2553, 1.4771, 1.8451, 1.6021, 1.9542, 1.9542, 1.9031, 2.3802, 1.301, 2.0792, 2.0414, 2.1461, 2.301, 1.699, 1.0, 2.0, 1.7782, 1.4771, 2.1761, 2.0, 1.0, 2.0414, 2.301, 1.7782, 2.0414, 1.4771, 2.6435, 1.0, 1.7782, 1.7782, 2.2788, 1.0, 2.7243, 1.7782, 2.5441, 1.7782, 2.7482, 2.301, 1.9542, 1.699, 1.0, 2.2041, 1.8451, 2.0414, 2.3617, 1.9031, 1.9542, 1.4771, 2.2788, 1.4771, 2.0, 1.699, 1.9031, 2.1461, 1.6021, 1.699, 2.3222, 2.0414, 1.8451, 1.9542, 1.301, 0, 1.8451, 2.5563, 1.6021, 1.0, 2.1761, 2.1139, 1.0, 1.6021, 1.8451, 0, 1.699, 1.4771, 1.9031, 0, 2.2553, 1.6021, 2.0792, 0, 1.9542, 1.0, 1.6021, 2.0, 2.1761, 1.9031, 1.4771, 0, 1.0], [2.9823, 4.1383, 2.301, 2.4314, 2.5798, 3.3729, 3.2304, 2.4314, 2.8751, 2.5315, 2.8865, 2.8692, 2.3617, 2.8513, 2.0792, 2.9031, 2.699, 2.7559, 2.6721, 2.5798, 1.8451, 2.5051, 2.4472, 2.4472, 2.7559, 2.2553, 2.5911, 2.9777, 2.959, 2.3424, 2.0792, 2.3802, 2.3222, 2.0414, 2.9445, 2.415, 2.5315, 2.6128, 2.1461, 2.5185, 2.2304, 2.8976, 2.6021, 2.415, 2.6021, 2.0792, 2.5315, 3.1303, 2.8261, 2.4914, 2.8195, 2.7482, 2.3802, 2.5563, 1.8451, 2.5185, 2.4914, 2.7853, 2.3617, 2.4914, 2.3222, 2.3222, 2.3617, 1.301, 2.7243, 2.6232, 2.4314, 2.3222, 1.4771, 1.8451, 2.0, 2.0, 2.6435, 2.5682, 2.6902, 2.1139, 2.2041, 1.8451, 2.1761, 2.3617, 2.3617, 2.301, 2.5051, 2.4472, 2.3222, 2.5051, 2.3617, 2.5563, 2.0792, 1.301, 1.7782, 1.9542, 2.3222, 2.415, 1.699, 2.4314, 2.2304, 1.699, 2.3617, 2.4314, 2.1761, 1.301, 2.4771, 1.9542, 1.699, 1.9031, 2.0, 2.4472, 2.2304, 2.3617, 2.4472, 2.4314, 2.1139, 2.4472, 1.8451, 1.6021, 2.5185, 2.415, 1.301, 1.301, 0, 2.0, 1.301, 2.3979, 1.4771, 2.0792, 2.0, 1.9542, 2.2553, 1.9031, 2.0792, 2.2304, 1.7782, 2.1461, 2.0414, 1.4771, 2.1461, 1.9542, 1.0, 2.301, 2.2553, 1.9542, 2.2304, 2.5051, 2.4914, 0, 1.7782, 1.699, 2.1461, 2.2304, 2.1761, 2.2788, 1.9542, 2.2041, 2.301, 1.8451, 2.0, 0, 1.9542, 2.1139, 0, 1.0, 1.4771, 1.301, 2.1761, 1.9031, 1.9031, 1.0, 2.0792, 1.9542, 2.3617, 1.9542, 1.699, 1.0, 2.1139, 2.0, 2.415, 1.8451, 1.6021, 1.0, 2.3617, 1.4771, 2.0, 1.7782, 2.301, 1.699, 2.2553, 2.6128, 2.1461, 1.4771, 2.7404, 2.0414, 1.0, 1.0, 2.0792, 2.0, 1.9542, 1.6021, 1.0, 1.301, 1.9542, 1.4771, 2.0414, 1.0, 2.1139, 1.9031, 1.699, 2.0, 1.4771, 2.0, 1.9031, 1.6021, 1.8451, 1.8451, 2.301, 1.0, 2.2788, 2.2553, 2.2041, 1.699, 1.6021, 1.4771, 2.1761, 1.4771, 1.7782, 2.3617, 1.0, 1.6021, 1.9542, 2.2041, 1.0, 2.2304, 2.3424, 2.0414, 1.0, 0, 2.1139, 1.7782, 2.6435, 2.2041, 1.7782, 1.699, 1.0, 1.4771, 1.0, 1.7782, 1.6021, 1.9542, 2.716, 2.2041, 1.8451, 2.0414, 1.9031, 2.1139, 2.1139, 0], [3.4713, 2.301, 3.9258, 2.5682, 2.2304, 1.4771, 1.301, 2.1761, 1.9542, 3.2945, 1.8451, 2.5911, 2.7634, 2.6128, 2.6128, 2.4914, 1.301, 2.7709, 2.2304, 1.7782, 3.0569, 2.8513, 1.301, 1.9031, 1.7782, 2.9912, 2.0414, 1.0, 1.6021, 1.301, 2.8513, 1.8451, 1.9542, 1.4771, 2.1461, 2.6232, 2.1461, 2.0, 2.3979, 1.0, 1.9031, 1.4771, 0, 1.4771, 1.301, 2.8195, 2.0, 1.699, 1.0, 1.699, 1.0, 1.6021, 1.301, 1.8451, 2.3802, 1.4771, 1.4771, 1.0, 2.3979, 2.1461, 1.9031, 2.1139, 1.8451, 3.0334, 1.7782, 0, 1.699, 1.4771, 2.5315, 2.415, 1.301, 2.3617, 2.1461, 1.301, 1.4771, 2.301, 2.1461, 1.4771, 2.0, 2.0414, 1.6021, 1.8451, 0, 1.0, 1.4771, 1.9031, 1.4771, 2.2304, 2.7324, 2.2304, 3.0755, 1.4771, 2.3424, 1.4771, 1.0, 1.9031, 1.301, 1.0, 1.699, 2.1139, 1.9542, 1.301, 1.7782, 2.4624, 2.8129, 2.0414, 2.5682, 0, 1.0, 0, 2.1761, 1.9542, 2.3424, 1.699, 2.9494, 1.9031, 1.301, 2.0792, 2.7076, 1.0, 2.2553, 1.301, 2.3424, 1.9031, 1.699, 1.9031, 1.301, 1.9031, 0, 2.1139, 1.6021, 1.9031, 2.3222, 1.301, 2.0414, 2.1139, 1.9031, 1.4771, 2.0, 1.699, 1.4771, 1.8451, 2.0414, 1.301, 2.1761, 2.8692, 1.9031, 1.699, 0, 0, 1.699, 2.0414, 2.0792, 1.7782, 1.0, 2.0, 1.301, 1.301, 0, 1.301, 1.301, 1.301, 2.2041, 2.0414, 1.4771, 0, 1.6021, 2.2788, 1.0, 1.0, 0, 1.7782, 1.8451, 1.4771, 1.4771, 0, 1.9031, 1.7782, 1.8451, 1.9031, 0, 1.0, 1.699, 1.6021, 1.4771, 1.301, 1.0, 1.4771, 1.4771, 2.2553, 1.699, 1.7782, 1.0, 1.8451, 0, 0, 1.6021, 2.2041, 1.0, 1.7782, 1.7782, 1.4771, 1.6021, 2.1461, 2.0, 1.4771, 1.6021, 0, 2.7559, 1.4771, 1.0, 1.4771, 1.7782, 1.0, 1.0, 2.3222, 0, 1.0, 1.699, 1.301, 1.301, 1.301, 1.0, 2.1139, 1.8451, 0, 2.3617, 1.0, 1.0, 1.301, 2.0792, 1.301, 1.0, 1.7782, 2.4914, 1.0, 0, 0, 1.301, 0, 1.301, 1.7782, 0, 2.3617, 2.0, 2.0414, 1.0, 1.699, 1.0, 1.0, 1.4771, 1.8451, 1.0, 1.301, 0, 0], [2.5911, 2.4314, 2.5682, 3.8871, 2.0, 1.301, 1.9031, 1.699, 3.2014, 2.0414, 2.6532, 3.0864, 1.9031, 2.4914, 3.2788, 2.2553, 2.415, 2.5185, 1.6021, 1.7782, 2.1139, 3.0792, 1.301, 2.3617, 1.699, 2.8808, 2.6812, 1.4771, 2.3222, 1.0, 1.699, 2.5441, 2.0, 2.0792, 1.699, 1.9542, 2.0, 2.3222, 2.4771, 2.1461, 1.8451, 1.699, 1.9542, 2.0414, 2.2041, 1.9542, 2.2041, 1.0, 0, 1.6021, 1.699, 1.4771, 1.7782, 2.2553, 2.6021, 1.0, 1.6021, 2.2553, 1.0, 1.8451, 2.301, 2.415, 1.301, 2.7559, 1.7782, 1.6021, 1.8451, 1.4771, 2.0, 1.8451, 1.9542, 1.0, 1.7782, 1.4771, 2.0792, 1.4771, 2.4914, 3.0934, 1.8451, 1.301, 1.301, 1.301, 1.9031, 1.6021, 1.8451, 1.301, 0, 1.301, 1.699, 1.9542, 1.301, 1.301, 2.1761, 1.7782, 1.7782, 0, 2.1461, 0, 1.0, 1.8451, 2.2788, 1.0, 1.6021, 1.301, 1.7782, 2.0, 1.699, 2.0414, 1.7782, 2.0414, 2.0792, 0, 1.6021, 1.7782, 1.0, 2.5185, 2.2553, 1.301, 1.0, 1.8451, 1.7782, 2.0, 2.7993, 1.0, 2.5682, 1.8451, 1.301, 1.0, 1.0, 1.0, 2.0414, 1.4771, 1.0, 1.699, 1.0, 1.6021, 1.0, 1.8451, 2.7482, 2.2304, 1.8451, 1.699, 1.301, 0, 1.0, 1.6021, 1.0, 1.4771, 0, 0, 1.9031, 1.0, 1.4771, 1.4771, 1.0, 1.6021, 1.6021, 0, 1.0, 1.7782, 0, 0, 1.699, 1.301, 1.301, 1.0, 1.6021, 2.5682, 1.301, 1.699, 1.4771, 1.0, 1.301, 1.301, 1.9031, 2.2553, 1.0, 1.699, 1.7782, 0, 1.301, 0, 0, 0, 1.0, 1.9542, 1.4771, 0, 2.1139, 0, 1.0, 1.9031, 0, 1.4771, 1.4771, 0, 1.301, 0, 1.0, 0, 2.0792, 1.6021, 1.7782, 1.699, 1.9031, 1.301, 1.301, 0, 1.9031, 0, 1.0, 1.0, 1.4771, 0, 1.7782, 1.699, 0, 1.0, 1.0, 2.0, 1.699, 1.301, 1.0, 1.6021, 1.6021, 1.4771, 1.699, 1.301, 2.0, 1.9031, 1.0, 1.6021, 1.0, 1.6021, 1.0, 0, 1.9031, 2.2041, 0, 1.0, 1.301, 1.0, 1.9542, 1.6021, 2.0, 1.9542, 0, 1.301, 0, 1.6021, 1.301, 0, 0, 1.4771, 0, 1.0], [2.5682, 2.5798, 2.2304, 2.0, 3.8506, 2.0792, 1.301, 3.6274, 2.3979, 2.3617, 2.415, 2.6628, 2.1461, 2.4771, 2.0, 2.699, 2.6435, 2.3802, 2.7993, 2.2041, 2.0414, 2.415, 2.0414, 2.1139, 2.7853, 2.0, 2.1761, 0, 2.301, 2.7559, 1.7782, 2.1761, 1.7782, 1.9542, 1.8451, 1.9542, 2.5563, 2.2304, 1.699, 2.6335, 2.699, 1.6021, 2.0414, 2.0414, 2.3222, 1.8451, 2.4771, 1.699, 1.0, 2.0414, 1.301, 2.1139, 2.0414, 2.3617, 1.0, 2.3617, 2.3222, 1.9542, 2.1461, 2.3802, 2.2041, 2.0414, 1.7782, 1.301, 1.7782, 1.4771, 2.1761, 2.3802, 1.301, 1.6021, 1.301, 1.6021, 1.9031, 1.301, 2.2553, 1.6021, 2.0414, 1.6021, 2.0, 2.3979, 2.3617, 2.3222, 1.8451, 1.8451, 2.0, 2.3802, 2.4472, 1.9542, 1.699, 1.301, 1.6021, 2.301, 1.9542, 1.9542, 2.3617, 1.301, 2.0, 2.6335, 2.4771, 2.0792, 2.0792, 1.0, 1.8451, 1.9542, 1.699, 1.699, 2.0792, 1.7782, 1.301, 1.7782, 1.699, 1.4771, 2.0792, 2.0792, 1.4771, 2.1461, 2.0792, 2.1761, 1.0, 1.4771, 1.4771, 1.6021, 0, 1.4771, 1.699, 1.6021, 1.6021, 1.6021, 1.8451, 2.0414, 1.9542, 1.7782, 1.6021, 2.1139, 1.699, 1.699, 2.0414, 1.6021, 0, 0, 1.0, 1.699, 2.0414, 1.7782, 1.0, 1.301, 1.8451, 1.7782, 0, 0, 1.9542, 1.9031, 1.9542, 1.699, 1.9031, 1.4771, 2.1139, 0, 2.0414, 2.1139, 1.0, 0, 1.699, 1.0, 2.1461, 1.6021, 1.301, 0, 1.0, 1.6021, 1.0, 2.1761, 1.301, 1.0, 2.0, 1.6021, 1.4771, 1.0, 2.2041, 0, 1.301, 2.301, 1.8451, 1.699, 1.301, 1.8451, 1.301, 1.6021, 1.8451, 1.699, 1.0, 1.7782, 1.301, 0, 0, 2.0414, 1.4771, 1.301, 0, 0, 1.0, 0, 1.7782, 1.301, 1.8451, 1.4771, 1.4771, 0, 1.301, 2.0792, 1.699, 1.0, 1.9031, 1.4771, 1.6021, 1.6021, 1.0, 1.301, 2.1139, 1.6021, 1.699, 1.0, 1.9542, 1.4771, 1.6021, 1.6021, 1.0, 1.9542, 1.6021, 1.0, 1.0, 1.0, 0, 1.7782, 1.0, 0, 1.301, 1.4771, 1.301, 1.4771, 1.7782, 1.6021, 1.6021, 1.301, 1.301, 1.9031, 0, 1.0, 1.0, 1.9031, 1.7782, 1.0, 1.9542, 1.301, 0, 0], [2.2304, 3.3729, 1.4771, 1.301, 2.0792, 3.8494, 3.5682, 2.0414, 1.9542, 1.699, 1.8451, 2.2553, 0, 2.0414, 1.6021, 2.1461, 1.699, 1.9542, 2.0, 2.0414, 1.6021, 1.6021, 1.0, 2.4771, 1.4771, 1.0, 1.0, 3.1461, 2.3802, 2.3424, 1.0, 1.0, 2.5051, 1.301, 3.2122, 1.6021, 2.0792, 2.7076, 1.0, 1.0, 2.2304, 3.1239, 1.6021, 1.9031, 2.2788, 1.7782, 1.301, 3.1959, 3.0531, 1.301, 3.2095, 2.6532, 2.3979, 1.0, 0, 1.7782, 0, 2.3424, 2.1139, 1.0, 1.699, 1.9031, 2.2553, 1.0, 2.8692, 2.9731, 2.2041, 1.301, 1.4771, 0, 1.6021, 1.301, 2.5185, 2.7782, 1.699, 0, 1.301, 0, 1.0, 1.4771, 1.0, 1.0, 2.699, 0, 1.6021, 1.9542, 2.4314, 2.4472, 1.301, 0, 1.0, 1.301, 1.8451, 1.699, 0, 2.3222, 1.4771, 1.4771, 1.7782, 1.4771, 1.9542, 0, 2.5315, 1.4771, 1.0, 1.0, 0, 0, 2.0, 0, 2.1761, 2.5315, 0, 2.1761, 1.301, 1.7782, 2.3802, 1.0, 0, 1.0, 1.0, 1.301, 1.4771, 1.9542, 1.0, 1.4771, 0, 1.4771, 1.0, 1.4771, 1.8451, 2.1461, 0, 1.301, 1.4771, 1.0, 1.4771, 1.6021, 0, 1.6021, 1.8451, 1.9031, 1.6021, 2.0, 2.2788, 1.0, 0, 1.301, 2.5185, 2.7404, 0, 1.7782, 0, 1.6021, 1.7782, 1.0, 1.6021, 0, 0, 0, 0, 0, 1.0, 0, 2.0, 0, 1.8451, 0, 1.7782, 1.301, 2.4914, 1.0, 0, 0, 0, 0, 1.301, 1.9542, 0, 1.0, 2.4624, 1.7782, 1.4771, 1.9542, 2.1461, 1.4771, 0, 2.4771, 1.6021, 1.0, 1.301, 1.699, 0, 1.0, 2.4914, 0, 1.4771, 0, 1.6021, 0, 1.301, 1.6021, 2.1139, 0, 2.1761, 0, 1.4771, 2.2553, 0, 1.0, 1.4771, 1.0, 0, 1.7782, 1.0, 0, 2.6335, 2.1761, 1.4771, 1.0, 1.0, 0, 1.8451, 0, 1.0, 2.301, 0, 0, 1.0, 1.0, 0, 2.4624, 2.5185, 1.0, 0, 0, 1.4771, 0, 2.4771, 2.0792, 0, 1.6021, 0, 0, 0, 0, 2.3222, 1.9542, 2.3222, 1.301, 1.7782, 2.0, 0, 1.7782, 2.4914, 0], [1.9542, 3.2304, 1.301, 1.9031, 1.301, 3.5682, 3.8506, 1.4771, 1.699, 1.4771, 1.7782, 2.2041, 1.301, 2.0, 1.6021, 2.0414, 1.0, 1.699, 1.8451, 1.6021, 1.0, 1.699, 1.0, 2.4314, 1.0, 1.0, 1.699, 3.3729, 2.2788, 1.9031, 1.0, 1.6021, 2.3424, 1.0, 3.1004, 1.4771, 1.7782, 2.9685, 0, 1.0, 1.699, 3.1703, 0, 1.4771, 2.4914, 1.699, 1.0, 2.9494, 3.0253, 0, 3.3075, 2.301, 2.4914, 0, 1.301, 1.6021, 0, 2.301, 1.7782, 1.0, 1.6021, 2.3802, 2.2788, 0, 2.8261, 3.1239, 1.7782, 0, 1.699, 0, 0, 1.301, 2.5798, 2.9085, 1.0, 0, 1.8451, 1.0, 0, 1.0, 1.0, 0, 2.8573, 0, 1.0, 1.7782, 2.415, 1.9031, 1.4771, 0, 1.0, 1.0, 1.301, 1.6021, 0, 2.301, 1.4771, 1.301, 1.4771, 1.6021, 1.699, 0, 2.2553, 1.6021, 0, 1.0, 0, 0, 2.0414, 0, 1.9031, 2.4914, 1.301, 2.0792, 0, 1.9031, 1.9031, 1.301, 0, 0, 1.0, 0, 1.699, 1.9031, 0, 0, 0, 1.6021, 0, 1.301, 1.699, 2.3222, 0, 0, 1.301, 0, 0, 1.8451, 1.0, 1.9542, 2.0414, 1.699, 0, 1.699, 1.9542, 0, 0, 1.0, 2.6812, 2.8062, 0, 1.4771, 1.0, 1.6021, 1.301, 1.6021, 0, 0, 0, 0, 0, 0, 0, 0, 2.2553, 0, 1.6021, 1.0, 2.0414, 1.301, 2.6628, 0, 0, 0, 0, 0, 0, 2.3222, 1.0, 0, 2.3802, 1.4771, 1.301, 1.9031, 2.0, 1.301, 0, 2.1139, 1.0, 0, 0, 1.4771, 0, 0, 2.6532, 0, 1.301, 0, 1.4771, 0, 2.2041, 1.6021, 1.8451, 0, 1.9031, 0, 1.0, 2.6128, 0, 0, 1.0, 1.0, 0, 1.301, 0, 0, 2.6721, 2.0792, 0, 1.0, 1.0, 0, 1.699, 0, 0, 2.3979, 0, 0, 0, 1.0, 0, 2.2553, 2.716, 0, 0, 0, 1.0, 0, 2.3802, 1.7782, 0, 1.6021, 0, 0, 0, 0, 2.6128, 1.9542, 2.0792, 0, 1.7782, 1.6021, 0, 1.699, 2.6628, 0], [2.5315, 2.4314, 2.1761, 1.699, 3.6274, 2.0414, 1.4771, 3.8149, 2.3222, 2.2553, 2.3617, 2.6532, 1.9542, 2.5441, 1.8451, 2.5911, 2.4771, 2.5051, 2.7482, 2.0792, 2.0414, 2.3424, 2.0792, 2.2041, 2.6232, 2.1461, 2.0414, 0, 2.0414, 2.7243, 1.301, 2.0, 1.7782, 1.8451, 1.699, 1.8451, 2.6232, 2.0792, 1.699, 2.5798, 2.6021, 1.301, 1.9542, 1.9031, 2.1461, 1.7782, 2.4314, 1.6021, 1.4771, 2.0, 1.301, 2.1761, 1.9031, 2.3222, 1.0, 2.415, 2.2553, 2.0792, 2.0414, 2.2553, 2.0792, 1.7782, 1.9031, 1.0, 1.8451, 0, 2.0414, 2.3802, 1.4771, 1.6021, 1.699, 1.699, 2.0, 1.301, 2.1761, 1.4771, 2.0792, 1.4771, 1.9031, 2.3222, 2.2788, 2.3424, 1.4771, 1.699, 2.1761, 2.3222, 2.4914, 1.8451, 1.699, 1.301, 1.301, 2.4914, 1.301, 2.0792, 2.3979, 1.0, 1.8451, 2.5563, 2.4624, 2.1761, 2.1761, 0, 1.6021, 1.9542, 1.6021, 1.4771, 1.9031, 1.4771, 1.301, 1.6021, 1.7782, 1.0, 1.9031, 2.1139, 1.301, 2.0792, 1.9542, 2.1461, 0, 1.301, 1.6021, 1.6021, 0, 1.699, 1.301, 1.4771, 1.699, 1.7782, 1.7782, 1.8451, 1.7782, 1.8451, 1.699, 2.0, 1.7782, 1.4771, 1.9031, 1.699, 0, 0, 1.0, 1.301, 1.9542, 1.7782, 1.301, 0, 1.301, 1.9031, 0, 1.0, 1.9031, 1.699, 1.9542, 1.4771, 1.9542, 1.301, 2.0414, 0, 2.0414, 2.1761, 0, 0, 1.6021, 0, 2.0414, 1.301, 1.301, 0, 1.4771, 1.6021, 0, 2.1139, 1.4771, 1.0, 1.8451, 1.6021, 1.301, 1.4771, 2.2041, 1.0, 0, 2.301, 1.7782, 2.0414, 1.4771, 1.699, 1.6021, 1.6021, 1.9031, 1.699, 1.0, 1.8451, 1.4771, 0, 0, 1.7782, 1.7782, 1.301, 0, 0, 1.301, 0, 1.8451, 1.0, 1.699, 1.699, 1.0, 0, 1.4771, 2.1139, 1.6021, 1.0, 1.9542, 1.4771, 1.4771, 1.7782, 0, 1.301, 2.1761, 1.6021, 1.7782, 0, 1.9542, 1.0, 1.6021, 1.301, 1.0, 1.9542, 1.301, 0, 1.0, 1.0, 0, 1.7782, 0, 0, 1.6021, 1.301, 1.301, 1.4771, 1.8451, 1.4771, 1.4771, 1.301, 1.0, 1.301, 0, 0, 0, 1.699, 1.6021, 1.301, 1.9031, 1.301, 0, 0], [2.7782, 2.8751, 1.9542, 3.2014, 2.3979, 1.9542, 1.699, 2.3222, 3.7832, 2.2788, 2.1761, 2.7404, 2.0, 2.6532, 2.1139, 2.4771, 2.2553, 2.3222, 2.301, 2.2788, 1.9542, 2.415, 2.3222, 1.6021, 1.4771, 2.1139, 1.699, 1.4771, 2.7324, 2.0792, 1.8451, 1.301, 1.4771, 2.1461, 1.8451, 2.1761, 2.4472, 2.0, 2.1461, 2.1761, 2.5185, 1.6021, 2.4624, 2.3802, 1.7782, 2.1461, 2.2304, 1.699, 1.6021, 2.3222, 1.4771, 2.6021, 2.1139, 2.3617, 2.1139, 2.415, 1.0, 2.3424, 2.0, 2.2553, 1.9031, 1.9542, 1.301, 0, 2.0414, 1.301, 2.415, 2.415, 0, 1.4771, 1.9031, 1.6021, 1.7782, 1.6021, 2.0792, 1.8451, 1.699, 2.7559, 1.6021, 1.7782, 1.7782, 2.4314, 1.0, 1.4771, 1.9542, 1.7782, 2.3617, 1.699, 1.8451, 1.301, 1.0, 1.4771, 1.9542, 2.2041, 1.7782, 1.6021, 1.301, 2.4472, 1.8451, 1.9542, 1.9031, 1.0, 2.1461, 1.6021, 1.8451, 1.301, 1.699, 1.4771, 1.6021, 0, 2.5563, 1.0, 1.6021, 1.8451, 0, 1.9031, 1.9542, 2.0792, 1.301, 1.9542, 0, 1.699, 2.2041, 1.301, 1.4771, 1.4771, 1.301, 1.699, 1.699, 1.301, 1.4771, 1.8451, 1.4771, 1.301, 1.6021, 1.301, 1.301, 1.301, 2.0792, 1.6021, 1.301, 1.6021, 1.7782, 1.699, 1.301, 1.301, 1.0, 1.6021, 0, 1.0, 1.301, 1.301, 1.6021, 1.9542, 2.3222, 1.4771, 1.7782, 2.7782, 1.6021, 1.699, 2.7853, 1.0, 1.4771, 1.301, 1.9031, 1.6021, 1.699, 2.1139, 1.4771, 1.4771, 1.301, 1.4771, 1.0, 0, 1.9031, 1.9031, 1.7782, 0, 1.0, 0, 1.301, 2.0, 1.0, 1.8451, 1.301, 1.301, 1.301, 1.6021, 1.8451, 1.4771, 1.0, 1.7782, 0, 0, 0, 1.9542, 1.699, 0, 0, 1.301, 1.301, 0, 1.699, 1.4771, 2.2304, 1.6021, 1.0, 1.0, 0, 1.6021, 1.6021, 1.0, 1.7782, 1.0, 1.4771, 0, 1.0, 1.9031, 1.7782, 1.6021, 1.6021, 1.301, 1.6021, 1.301, 1.301, 1.4771, 0, 1.4771, 1.6021, 1.301, 0, 1.6021, 0, 1.9031, 0, 0, 0, 1.8451, 1.0, 2.2788, 1.9031, 1.4771, 1.0, 1.0, 1.4771, 1.0, 0, 1.0, 0, 1.0, 1.0, 1.8451, 1.7782, 1.301, 0, 0], [3.4669, 2.5315, 3.2945, 2.0414, 2.3617, 1.699, 1.4771, 2.2553, 2.2788, 3.7818, 1.7782, 2.6335, 2.9823, 2.7076, 2.0414, 2.6532, 1.699, 2.7243, 2.1761, 2.3802, 2.9243, 2.3979, 1.8451, 1.4771, 2.3424, 2.6812, 1.8451, 0, 1.9542, 1.699, 2.3979, 1.9031, 1.301, 2.0, 2.2041, 2.5911, 2.1461, 1.6021, 2.1461, 1.9031, 2.0414, 0, 1.699, 2.1761, 0, 2.5315, 2.0792, 0, 1.301, 1.7782, 1.6021, 1.7782, 1.9542, 2.1461, 1.7782, 2.0414, 1.8451, 1.9031, 2.2788, 2.2304, 2.0, 1.0, 1.699, 2.301, 1.301, 1.301, 1.6021, 2.1761, 2.4914, 2.3802, 1.8451, 2.4314, 1.6021, 1.4771, 1.9542, 1.9542, 1.7782, 1.699, 1.8451, 2.415, 1.6021, 2.0414, 1.301, 1.4771, 1.6021, 2.1461, 1.6021, 1.9542, 2.3222, 1.9542, 2.6232, 1.4771, 2.3222, 2.2304, 1.4771, 1.699, 1.7782, 1.8451, 1.301, 1.699, 1.7782, 1.0, 1.9542, 2.3424, 2.7853, 2.3424, 2.5682, 0, 1.6021, 0, 1.699, 1.9031, 2.2553, 1.4771, 2.7243, 2.0, 0, 2.0792, 2.3979, 1.301, 1.8451, 1.699, 2.1139, 2.0, 1.4771, 1.9542, 1.6021, 2.0414, 1.4771, 2.0414, 1.4771, 1.699, 2.1139, 1.699, 2.0414, 2.1761, 2.1761, 1.6021, 1.7782, 1.7782, 1.301, 1.699, 2.1139, 1.699, 1.6021, 2.0792, 1.9031, 1.8451, 0, 0, 1.0, 1.8451, 1.0, 1.699, 1.699, 1.9031, 1.4771, 1.4771, 1.8451, 1.9542, 1.301, 0, 1.8451, 1.699, 1.9542, 1.301, 0, 2.0414, 0, 1.301, 1.0, 2.0, 2.0, 0, 1.699, 0, 1.4771, 1.0, 1.6021, 1.9031, 1.301, 1.301, 1.699, 1.301, 1.699, 1.4771, 1.0, 1.0, 1.699, 1.9031, 1.301, 1.699, 1.301, 1.9542, 0, 1.9542, 1.0, 2.0, 1.0, 1.6021, 1.301, 2.0792, 1.301, 1.9031, 1.6021, 1.301, 2.1139, 1.0, 2.2788, 1.9031, 1.6021, 1.8451, 1.9031, 1.301, 0, 2.1461, 0, 0, 1.699, 1.699, 1.4771, 0, 1.699, 1.7782, 1.6021, 1.0, 1.9031, 1.0, 0, 1.301, 2.1461, 1.301, 0, 1.4771, 2.415, 1.4771, 1.0, 1.6021, 0, 1.0, 1.6021, 1.6021, 0, 2.301, 1.301, 1.4771, 0, 2.0, 0, 1.301, 1.9542, 1.4771, 1.9031, 1.4771, 0, 1.0], [2.5563, 2.8865, 1.8451, 2.6532, 2.415, 1.8451, 1.7782, 2.3617, 2.1761, 1.7782, 3.7135, 2.1139, 2.1461, 2.2041, 2.3802, 2.0414, 2.6532, 2.1761, 2.5798, 2.3617, 1.9542, 2.7076, 2.0, 2.2304, 2.6628, 2.0792, 3.3096, 0, 2.6232, 2.1461, 1.699, 3.233, 2.0, 1.4771, 2.0414, 2.0414, 2.0, 1.8451, 1.6021, 1.9031, 2.0, 0, 2.5682, 2.0414, 2.4624, 1.7782, 2.0414, 1.4771, 1.4771, 1.4771, 1.301, 1.8451, 1.6021, 2.2304, 0, 1.7782, 2.5682, 2.0, 2.0, 1.4771, 2.301, 1.7782, 1.8451, 1.0, 1.4771, 1.301, 1.699, 2.1139, 2.6721, 2.0414, 1.7782, 1.7782, 1.6021, 1.301, 1.9542, 1.7782, 2.5315, 0, 1.7782, 1.699, 2.1761, 1.699, 1.7782, 2.6335, 2.3617, 1.8451, 1.301, 1.4771, 1.4771, 1.9031, 0, 2.3802, 2.1461, 1.4771, 1.7782, 1.699, 2.4624, 1.0, 2.301, 2.3617, 1.301, 1.0, 1.6021, 1.301, 1.301, 1.699, 0, 2.301, 1.6021, 2.4472, 1.7782, 0, 1.4771, 2.0, 0, 1.4771, 1.9542, 0, 1.0, 1.301, 0, 1.9031, 1.4771, 1.6021, 1.7782, 1.6021, 1.8451, 1.0, 2.5798, 1.699, 1.8451, 1.0, 1.6021, 1.9031, 1.301, 1.6021, 0, 1.8451, 1.4771, 2.1139, 1.9542, 1.0, 1.4771, 1.301, 1.0, 0, 1.8451, 1.0, 1.0, 1.0, 1.6021, 1.8451, 1.6021, 1.7782, 1.301, 1.6021, 1.6021, 1.0, 1.6021, 1.4771, 1.4771, 0, 0, 1.301, 1.301, 1.7782, 1.8451, 1.301, 1.301, 1.699, 1.301, 0, 1.0, 0, 1.4771, 1.8451, 1.699, 1.6021, 1.4771, 1.301, 1.7782, 1.0, 0, 1.0, 0, 1.8451, 2.0792, 0, 1.301, 0, 0, 1.4771, 1.0, 0, 0, 0, 1.301, 1.0, 0, 0, 1.8451, 1.301, 1.0, 1.4771, 1.6021, 1.699, 1.0, 0, 1.301, 1.301, 0, 1.4771, 1.0, 1.0, 2.3802, 1.0, 0, 1.6021, 1.4771, 1.699, 1.699, 1.0, 1.301, 1.0, 1.301, 0, 1.4771, 1.9031, 2.1139, 1.4771, 1.0, 1.0, 0, 1.4771, 0, 0, 2.1761, 1.301, 0, 0, 1.0, 1.4771, 1.8451, 0, 1.4771, 1.4771, 0, 1.4771, 0, 1.8451, 1.8451, 1.0, 1.0, 1.8451, 0, 1.0], [2.9731, 2.8692, 2.5911, 3.0864, 2.6628, 2.2553, 2.2041, 2.6532, 2.7404, 2.6335, 2.1139, 3.8189, 2.1761, 2.7709, 2.7076, 2.5682, 1.7782, 2.3802, 1.699, 2.2304, 2.301, 2.3802, 2.1139, 2.4771, 2.3617, 2.9445, 2.1139, 1.8451, 2.6232, 1.0, 2.3802, 2.0792, 2.301, 2.6902, 2.0414, 2.2788, 2.1761, 2.2041, 2.1139, 2.3617, 1.6021, 1.6021, 2.5051, 2.2788, 2.0414, 2.5051, 2.2788, 1.8451, 2.0414, 1.699, 2.0, 2.1761, 2.1461, 2.4914, 2.6128, 1.4771, 2.0, 2.1461, 1.8451, 2.1139, 2.1461, 2.0792, 1.4771, 1.6021, 1.9542, 1.6021, 2.2304, 1.301, 1.301, 1.8451, 1.9031, 1.8451, 1.9031, 1.8451, 1.8451, 1.4771, 2.1761, 2.4771, 1.0, 1.301, 1.301, 1.301, 1.8451, 1.4771, 1.4771, 1.301, 1.4771, 2.301, 1.9031, 1.7782, 1.9542, 0, 2.0, 2.3979, 1.6021, 1.4771, 2.0414, 1.301, 1.4771, 2.1461, 2.0414, 1.301, 1.699, 1.7782, 1.9031, 1.301, 1.699, 1.301, 1.8451, 1.301, 1.301, 1.0, 1.9542, 1.301, 0, 1.7782, 1.0, 1.4771, 1.699, 2.1461, 2.0792, 2.0, 1.8451, 1.0, 1.9031, 2.0, 0, 1.301, 1.4771, 0, 1.301, 2.0414, 1.4771, 2.1761, 1.0, 1.9542, 1.0, 2.2553, 2.4472, 1.7782, 2.0, 1.6021, 1.699, 1.9542, 2.0414, 1.0, 1.0, 1.0, 1.699, 1.301, 1.0, 0, 1.4771, 1.6021, 1.9542, 1.0, 1.7782, 1.301, 1.6021, 1.301, 1.0, 0, 2.3617, 1.699, 1.9031, 1.6021, 1.9542, 2.2041, 1.0, 0, 1.699, 0, 1.0, 1.4771, 1.9031, 1.0, 1.7782, 0, 1.6021, 1.0, 1.699, 0, 1.8451, 1.6021, 1.4771, 1.9542, 1.301, 1.301, 1.9031, 0, 1.6021, 2.0, 0, 1.8451, 0, 0, 1.0, 0, 1.301, 1.4771, 1.301, 1.7782, 1.301, 1.699, 1.301, 1.301, 1.0, 0, 1.7782, 1.6021, 1.699, 1.0, 1.4771, 1.4771, 1.0, 1.0, 1.4771, 1.4771, 1.0, 1.8451, 2.0, 1.699, 0, 1.301, 1.4771, 1.6021, 0, 0, 1.9542, 1.7782, 1.301, 1.301, 0, 0, 1.6021, 1.301, 0, 1.7782, 1.301, 0, 1.6021, 1.0, 0, 1.301, 1.7782, 1.4771, 0, 1.699, 1.301, 1.699, 1.301, 1.4771, 0, 1.0, 0, 1.8451], [3.4425, 2.3617, 2.7634, 1.9031, 2.1461, 0, 1.301, 1.9542, 2.0, 2.9823, 2.1461, 2.1761, 3.6875, 2.5911, 1.699, 2.6628, 2.0, 2.4914, 2.5051, 1.699, 2.415, 2.4914, 1.7782, 1.699, 2.5441, 2.0414, 2.2041, 0, 1.8451, 1.8451, 2.3979, 2.2304, 1.6021, 1.0, 1.4771, 2.4314, 2.3424, 1.699, 1.4771, 2.1461, 1.8451, 1.0, 1.0, 1.301, 1.6021, 1.9542, 2.1139, 0, 1.0, 2.0414, 1.0, 1.7782, 1.0, 2.3424, 1.301, 2.0414, 1.699, 1.7782, 1.7782, 2.0, 1.699, 1.699, 1.4771, 1.8451, 1.6021, 1.301, 1.9031, 2.301, 2.3979, 1.7782, 1.301, 2.9243, 1.6021, 1.0, 1.8451, 1.9031, 1.7782, 0, 1.6021, 2.3424, 1.9031, 2.0414, 1.301, 1.8451, 1.9542, 2.1139, 1.301, 1.0, 1.9542, 1.0, 2.2788, 1.301, 1.8451, 1.9542, 1.7782, 1.4771, 2.0414, 2.0792, 1.4771, 1.699, 2.0792, 1.301, 1.4771, 2.0414, 2.3222, 2.5051, 2.4314, 1.301, 1.0, 0, 1.9031, 0, 2.1139, 1.301, 2.1461, 1.4771, 1.0, 2.2041, 2.0414, 1.4771, 1.7782, 1.0, 1.7782, 1.6021, 1.0, 1.301, 1.4771, 1.6021, 1.9031, 1.699, 1.301, 1.301, 1.9031, 2.1761, 1.6021, 1.9542, 2.1461, 1.0, 0, 1.4771, 0, 2.1139, 2.5798, 1.9031, 1.301, 2.0792, 2.0792, 1.301, 0, 0, 1.301, 1.4771, 1.7782, 1.6021, 1.301, 1.301, 1.699, 0, 2.1461, 1.9542, 1.0, 0, 1.0, 1.301, 1.4771, 1.4771, 1.301, 1.699, 0, 1.0, 1.301, 2.0, 1.0, 1.301, 2.0, 0, 1.7782, 1.0, 1.301, 1.0, 1.0, 1.0, 1.699, 1.4771, 1.699, 1.0, 1.0, 1.0, 1.301, 1.9031, 1.0, 1.699, 0, 1.301, 0, 1.699, 1.6021, 2.0414, 1.0, 1.0, 1.0, 1.301, 1.4771, 2.2304, 1.699, 1.4771, 1.301, 0, 1.0, 1.4771, 1.4771, 1.699, 1.699, 1.0, 1.4771, 1.6021, 0, 1.0, 1.699, 1.301, 0, 1.0, 1.4771, 1.699, 1.6021, 1.301, 1.6021, 0, 1.0, 1.6021, 2.3802, 1.301, 0, 1.6021, 0, 0, 1.301, 0, 0, 0, 1.6021, 1.301, 1.0, 2.2041, 1.0, 1.4771, 0, 1.0, 0, 1.0, 1.8451, 0, 1.8451, 1.0, 1.0, 1.0], [3.0128, 2.8513, 2.6128, 2.4914, 2.4771, 2.0414, 2.0, 2.5441, 2.6532, 2.7076, 2.2041, 2.7709, 2.5911, 3.7803, 2.4914, 2.7993, 2.2041, 3.017, 2.0792, 2.1761, 2.301, 2.716, 2.6532, 2.3802, 2.2553, 2.5798, 2.0, 1.6021, 2.2304, 1.8451, 2.6721, 2.0, 2.3222, 2.1761, 2.0, 2.4771, 1.9031, 1.7782, 2.2553, 2.6021, 2.2788, 1.7782, 1.8451, 2.3617, 1.7782, 2.5315, 2.5563, 1.0, 1.4771, 1.7782, 1.7782, 1.301, 1.9031, 2.2041, 2.0, 1.4771, 1.8451, 1.8451, 2.2304, 2.1761, 2.415, 1.9542, 1.4771, 1.9542, 1.8451, 1.4771, 2.2553, 1.699, 1.301, 1.9031, 2.3424, 2.2553, 1.6021, 1.9542, 2.3222, 0, 2.2041, 1.8451, 1.0, 1.9542, 1.301, 1.4771, 1.301, 1.9031, 1.301, 2.2788, 2.0, 1.301, 2.4624, 2.0792, 2.0792, 1.6021, 2.0792, 1.699, 1.301, 1.6021, 1.9031, 2.5185, 1.4771, 2.3222, 1.9031, 2.2553, 0, 2.2041, 2.1139, 1.9542, 2.1139, 2.0, 2.1139, 2.1139, 1.699, 1.4771, 1.9031, 1.0, 1.699, 2.2788, 1.7782, 2.5441, 1.7782, 1.8451, 1.0, 2.2304, 2.2304, 1.301, 1.6021, 2.0, 0, 1.301, 1.4771, 1.7782, 1.301, 1.6021, 2.0414, 1.8451, 1.4771, 1.9031, 2.2788, 1.4771, 2.0, 0, 1.301, 2.0414, 1.8451, 2.3222, 1.301, 1.6021, 1.6021, 1.7782, 1.0, 1.0, 1.4771, 1.4771, 1.7782, 1.301, 1.0, 1.6021, 1.6021, 2.0792, 2.2041, 1.4771, 1.7782, 1.8451, 1.0, 2.0792, 1.4771, 1.301, 1.8451, 2.0, 1.0, 0, 1.301, 1.699, 1.7782, 1.6021, 2.301, 1.6021, 2.1761, 1.301, 0, 0, 1.0, 1.8451, 1.0, 1.301, 2.1761, 1.6021, 1.699, 1.0, 1.9031, 1.0, 2.1761, 2.0, 0, 1.4771, 1.0, 2.0, 1.0, 2.2553, 2.0414, 1.6021, 1.301, 1.301, 1.7782, 1.6021, 1.699, 1.7782, 1.0, 1.0, 1.4771, 1.301, 1.0, 0, 1.7782, 1.0, 1.6021, 2.0792, 1.0, 0, 1.9031, 2.0414, 1.7782, 1.301, 1.6021, 1.699, 1.699, 1.0, 1.9542, 0, 1.0, 1.699, 1.4771, 1.0, 1.0, 0, 1.6021, 2.0, 1.301, 1.699, 0, 1.0, 1.4771, 1.8451, 0, 1.6021, 1.0, 1.0, 1.0, 1.4771, 0, 1.699, 1.7782, 0, 2.1761, 0, 0, 1.6021], [2.5911, 2.0792, 2.6128, 3.2788, 2.0, 1.6021, 1.6021, 1.8451, 2.1139, 2.0414, 2.3802, 2.7076, 1.699, 2.4914, 3.6857, 1.699, 2.2041, 2.4914, 1.0, 1.6021, 2.2304, 2.8513, 1.301, 2.1461, 1.6021, 2.8325, 2.5315, 1.301, 2.0, 0, 1.699, 2.9085, 1.8451, 3.3118, 1.6021, 2.0, 1.8451, 2.0414, 2.1761, 1.699, 0, 1.4771, 1.8451, 2.0, 2.2553, 2.1139, 2.0, 0, 0, 1.301, 1.301, 1.4771, 2.0414, 1.699, 2.699, 0, 1.0, 1.8451, 1.0, 1.0, 2.2041, 2.1461, 0, 2.7853, 1.4771, 1.0, 1.8451, 1.0, 1.7782, 1.6021, 1.9542, 1.0, 1.7782, 1.6021, 2.0, 1.0, 2.4624, 2.0792, 1.699, 1.0, 0, 1.0, 1.4771, 1.0, 1.699, 0, 0, 1.0, 1.7782, 1.6021, 1.301, 1.0, 1.699, 1.4771, 1.4771, 0, 2.0, 0, 0, 1.6021, 1.4771, 1.0, 1.301, 1.4771, 1.9542, 1.9542, 1.699, 1.6021, 1.7782, 1.4771, 1.301, 0, 1.6021, 1.301, 1.0, 2.0792, 2.0414, 1.301, 1.0, 2.8976, 1.301, 1.7782, 2.716, 0, 2.5185, 2.0792, 0, 0, 0, 1.0, 1.8451, 1.301, 0, 2.1139, 0, 1.6021, 1.0, 1.8451, 2.1761, 1.7782, 1.699, 1.301, 1.0, 0, 1.0, 1.699, 1.6021, 1.0, 0, 0, 1.4771, 1.0, 1.6021, 1.0, 0, 1.0, 1.301, 0, 0, 1.0, 0, 0, 1.7782, 0, 1.6021, 0, 1.6021, 1.8451, 1.0, 1.6021, 1.4771, 0, 1.0, 1.0, 1.8451, 2.0414, 0, 1.4771, 1.7782, 1.0, 1.0, 0, 0, 0, 0, 1.8451, 1.4771, 1.0, 1.9031, 1.0, 1.0, 1.6021, 0, 0, 1.0, 0, 1.0, 0, 1.301, 0, 1.301, 1.4771, 1.9542, 1.4771, 0, 1.0, 1.0, 0, 1.4771, 1.7782, 1.301, 1.301, 1.301, 1.0, 1.301, 1.0, 0, 0, 1.0, 1.9031, 1.6021, 1.301, 0, 1.0, 1.4771, 1.301, 1.6021, 1.0, 1.699, 1.7782, 1.0, 0, 1.0, 1.301, 1.0, 0, 1.4771, 2.1761, 0, 0, 0, 1.0, 1.301, 1.0, 1.7782, 2.0792, 0, 1.4771, 0, 1.4771, 0, 1.0, 0, 0, 1.0, 2.5051], [2.7709, 2.9031, 2.4914, 2.2553, 2.699, 2.1461, 2.0414, 2.5911, 2.4771, 2.6532, 2.0414, 2.5682, 2.6628, 2.7993, 1.699, 3.7589, 2.2304, 2.5911, 2.415, 2.1461, 2.3424, 2.5798, 2.5315, 2.0792, 2.4624, 2.4472, 1.9542, 1.6021, 1.699, 2.2788, 1.7782, 1.7782, 2.0, 1.4771, 2.301, 2.1139, 2.1761, 2.1761, 1.9031, 2.6232, 2.3617, 1.699, 1.7782, 2.0414, 1.7782, 1.9542, 2.3979, 1.4771, 1.6021, 1.9031, 1.7782, 0, 1.9542, 2.6532, 1.0, 2.2304, 1.9542, 1.9542, 2.3424, 2.5051, 1.8451, 2.1139, 2.6021, 1.699, 1.301, 1.6021, 1.9031, 2.1461, 1.9031, 1.4771, 2.0414, 2.1461, 1.6021, 1.8451, 2.2304, 1.8451, 1.0, 1.8451, 2.4771, 2.301, 2.0, 1.9031, 1.6021, 1.301, 1.7782, 2.3222, 1.699, 1.6021, 1.699, 1.0, 2.0, 1.6021, 2.2304, 1.6021, 2.4314, 2.4472, 1.301, 2.5441, 1.9031, 1.8451, 2.415, 2.1461, 1.9031, 1.7782, 1.6021, 1.6021, 2.6532, 1.6021, 1.301, 1.4771, 1.301, 2.1139, 2.1761, 1.301, 2.1461, 2.0414, 1.7782, 3.0864, 1.301, 1.0, 1.301, 1.4771, 1.6021, 2.4314, 1.6021, 1.7782, 1.0, 0, 1.4771, 1.9031, 1.4771, 1.0, 2.0, 1.699, 2.4314, 1.9542, 2.2788, 1.7782, 0, 1.6021, 1.699, 1.7782, 2.0792, 2.4914, 1.301, 1.699, 1.4771, 1.301, 1.301, 1.699, 1.699, 2.1761, 0, 1.301, 0, 2.1461, 1.7782, 1.699, 1.8451, 1.7782, 2.0, 1.9031, 1.0, 1.4771, 1.7782, 1.4771, 1.7782, 1.4771, 1.4771, 1.4771, 1.301, 2.1139, 1.699, 1.6021, 2.1139, 1.4771, 1.9031, 1.699, 1.7782, 1.699, 1.6021, 1.4771, 2.0, 1.301, 2.2304, 1.0, 1.0, 1.301, 2.2304, 0, 2.0, 1.7782, 1.0, 0, 1.301, 2.6232, 1.0, 2.0414, 1.0, 1.0, 1.7782, 1.0, 1.7782, 1.6021, 1.301, 1.4771, 1.4771, 1.0, 1.6021, 1.301, 1.4771, 1.0, 2.0, 0, 0, 1.6021, 1.0, 0, 2.0, 1.301, 1.301, 0, 1.7782, 1.0, 1.6021, 0, 1.0, 0, 1.7782, 1.4771, 1.4771, 1.0, 1.0, 1.0, 0, 1.9542, 1.0, 1.301, 1.0, 0, 2.0414, 1.8451, 1.0, 1.9542, 1.0, 1.9542, 0, 1.0, 1.6021, 0, 1.0, 0, 1.4771, 1.301, 1.0, 0], [2.3424, 2.699, 1.301, 2.415, 2.6435, 1.699, 1.0, 2.4771, 2.2553, 1.699, 2.6532, 1.7782, 2.0, 2.2041, 2.2041, 2.2304, 3.6702, 2.5682, 2.4914, 2.2041, 1.6021, 2.3424, 2.0414, 2.3979, 1.7782, 1.699, 2.415, 0, 1.9031, 2.5798, 1.0, 2.1139, 2.415, 1.4771, 1.699, 1.699, 2.0414, 1.6021, 1.4771, 2.1761, 2.5051, 0, 1.9031, 1.301, 2.6435, 1.6021, 2.3617, 0, 1.301, 1.9031, 0, 1.301, 1.4771, 1.9542, 0, 2.0414, 0, 2.7243, 2.4771, 1.0, 1.0, 1.301, 1.0, 0, 1.699, 1.0, 1.9031, 1.8451, 1.301, 0, 1.6021, 1.0, 1.6021, 0, 2.2553, 1.301, 1.4771, 1.0, 1.699, 1.4771, 1.4771, 1.9031, 2.4914, 1.301, 2.3424, 2.2788, 1.6021, 1.301, 1.4771, 0, 1.0, 2.3222, 1.9031, 1.699, 2.1461, 1.0, 1.9031, 1.301, 2.2788, 1.0, 1.4771, 1.301, 1.6021, 1.301, 0, 1.8451, 0, 2.9395, 0, 2.9243, 1.301, 1.301, 1.301, 1.4771, 1.301, 1.699, 2.4771, 1.7782, 0, 1.4771, 1.0, 1.0, 2.1461, 1.0, 0, 1.4771, 0, 1.301, 1.4771, 1.8451, 2.6128, 1.0, 1.0, 1.301, 1.301, 0, 1.4771, 0, 0, 0, 1.0, 1.0, 1.4771, 1.301, 0, 0, 1.7782, 1.8451, 0, 1.0, 1.0, 1.0, 1.9031, 1.0, 0, 1.0, 0, 2.1761, 1.301, 1.0, 2.1461, 0, 1.0, 0, 0, 1.699, 1.7782, 0, 1.0, 1.301, 1.0, 1.301, 1.9031, 1.301, 1.6021, 2.3424, 1.0, 1.0, 1.301, 1.0, 0, 1.301, 1.0, 1.0, 1.0, 1.301, 1.7782, 0, 1.0, 0, 1.301, 1.301, 0, 0, 0, 1.699, 1.8451, 1.0, 0, 0, 0, 0, 1.0, 0, 1.301, 1.6021, 0, 1.0, 1.0, 1.4771, 2.301, 1.7782, 2.0792, 0, 1.301, 1.0, 0, 1.4771, 1.6021, 0, 1.0, 0, 2.0, 1.4771, 1.0, 0, 0, 2.0792, 0, 1.7782, 0, 0, 0, 1.9031, 0, 0, 1.0, 0, 0, 1.0, 2.1461, 2.0, 2.1139, 0, 0, 1.0, 0, 0, 0, 2.7482, 1.0, 1.0, 0, 2.1761, 0, 0], [3.1072, 2.7559, 2.7709, 2.5185, 2.3802, 1.9542, 1.699, 2.5051, 2.3222, 2.7243, 2.1761, 2.3802, 2.4914, 3.017, 2.4914, 2.5911, 2.5682, 3.7427, 2.2788, 2.3617, 2.4624, 2.959, 2.0792, 2.3424, 2.301, 2.5563, 1.9542, 1.301, 1.7782, 1.8451, 2.5051, 1.9031, 2.1761, 1.9542, 2.0, 2.7076, 2.0414, 1.9542, 2.1761, 2.5563, 2.0414, 1.301, 1.699, 2.0, 1.9542, 2.3222, 2.2304, 1.699, 1.301, 1.8451, 1.301, 1.8451, 1.4771, 2.0792, 1.6021, 2.0414, 2.0792, 1.8451, 2.0, 2.2553, 1.9031, 1.9542, 1.699, 2.2304, 1.7782, 1.0, 1.7782, 1.8451, 1.9542, 1.9542, 1.6021, 2.0792, 1.7782, 1.4771, 2.1139, 1.4771, 2.0414, 1.699, 1.4771, 1.699, 1.301, 1.8451, 1.8451, 1.699, 1.9542, 1.9031, 1.7782, 1.301, 2.4914, 1.6021, 1.699, 1.699, 2.0, 1.699, 1.8451, 1.0, 1.7782, 2.0, 1.9031, 2.2788, 1.9031, 1.301, 1.9031, 1.8451, 2.1461, 2.4314, 2.0792, 2.2788, 1.4771, 2.3617, 1.9542, 1.0, 2.0, 1.699, 1.8451, 2.0, 1.6021, 2.3424, 2.1461, 1.0, 1.699, 1.7782, 2.5563, 1.6021, 2.1139, 2.0792, 1.301, 1.9031, 1.0, 1.9031, 2.0414, 1.6021, 2.0, 1.6021, 1.4771, 1.9031, 1.699, 1.0, 1.699, 1.9542, 1.7782, 1.9031, 1.699, 1.8451, 1.301, 1.6021, 2.2788, 2.0414, 0, 1.0, 1.7782, 1.9542, 1.6021, 1.301, 1.301, 1.6021, 1.0, 1.699, 2.0, 1.0, 1.699, 0, 1.6021, 1.6021, 1.699, 1.4771, 1.9542, 1.6021, 1.0, 0, 1.4771, 1.4771, 2.301, 1.0, 1.9031, 1.4771, 1.9542, 1.0, 1.7782, 2.1139, 1.0, 1.4771, 1.4771, 1.9031, 1.4771, 2.0, 1.4771, 1.0, 1.6021, 1.301, 1.8451, 1.9031, 0, 1.8451, 0, 1.7782, 1.301, 1.699, 1.301, 1.6021, 1.6021, 1.301, 1.4771, 1.7782, 1.9031, 1.301, 1.0, 0, 1.7782, 1.6021, 1.699, 2.2041, 1.7782, 1.301, 1.0, 1.699, 0, 1.6021, 1.301, 1.6021, 2.0, 1.6021, 1.301, 2.0792, 1.6021, 0, 1.9031, 1.7782, 0, 1.6021, 1.7782, 1.0, 0, 0, 1.699, 1.6021, 0, 1.7782, 1.0, 1.301, 1.301, 1.6021, 1.301, 1.301, 1.6021, 1.6021, 0, 1.0, 0, 2.0414, 1.9031, 1.0, 1.699, 1.301, 1.0, 0], [2.4472, 2.6721, 2.2304, 1.6021, 2.7993, 2.0, 1.8451, 2.7482, 2.301, 2.1761, 2.5798, 1.699, 2.5051, 2.0792, 1.0, 2.415, 2.4914, 2.2788, 3.6395, 1.8451, 2.1761, 2.2553, 2.2788, 1.7782, 2.1461, 2.0792, 1.7782, 1.8451, 1.699, 3.1038, 1.301, 1.8451, 1.6021, 1.301, 1.7782, 1.699, 2.1139, 2.699, 1.699, 1.8451, 2.6628, 1.699, 1.7782, 1.4771, 2.2041, 1.7782, 2.2041, 1.6021, 1.0, 1.7782, 1.6021, 1.301, 1.0, 1.7782, 0, 1.8451, 0, 1.7782, 2.2041, 1.4771, 1.4771, 1.0, 1.301, 0, 1.0, 1.301, 1.699, 2.1761, 1.4771, 0, 1.8451, 2.0, 1.6021, 0, 2.2304, 1.4771, 1.301, 1.301, 1.8451, 2.1461, 2.1461, 2.301, 1.6021, 1.9542, 2.1761, 2.2788, 1.301, 1.301, 1.9031, 1.0, 1.8451, 3.0253, 1.8451, 1.301, 2.2788, 1.0, 1.699, 2.4314, 2.6232, 1.4771, 1.699, 1.8451, 1.301, 1.8451, 1.0, 1.301, 1.6021, 1.4771, 1.0, 1.4771, 1.6021, 1.4771, 1.4771, 1.699, 1.7782, 1.699, 1.4771, 2.1139, 1.4771, 1.0, 0, 0, 1.301, 1.4771, 1.0, 1.0, 1.4771, 0, 2.0, 2.5563, 1.8451, 1.0, 1.9542, 1.6021, 0, 1.9031, 2.1761, 1.0, 0, 0, 0, 1.699, 2.2553, 1.6021, 1.301, 1.0, 1.6021, 0, 0, 0, 1.0, 1.8451, 1.6021, 1.4771, 0, 1.301, 1.6021, 1.9031, 1.8451, 1.6021, 2.2553, 1.6021, 1.0, 1.0, 0, 1.7782, 1.0, 0, 0, 1.0, 1.4771, 1.6021, 0, 1.301, 1.699, 1.0, 1.301, 0, 1.6021, 0, 1.699, 1.0, 1.0, 1.0, 1.0, 1.301, 1.6021, 1.4771, 0, 1.4771, 1.9031, 1.6021, 0, 0, 1.0, 1.9542, 2.0792, 0, 1.0, 0, 0, 0, 1.699, 1.0, 1.4771, 1.6021, 1.7782, 0, 0, 1.301, 1.0, 1.0, 1.699, 1.0, 0, 1.0, 0, 1.0, 2.1139, 0, 1.301, 0, 1.8451, 1.301, 1.301, 1.4771, 0, 1.7782, 0, 1.301, 1.6021, 1.301, 1.4771, 0, 1.301, 1.6021, 1.9542, 0, 1.4771, 1.301, 1.7782, 1.0, 1.8451, 1.4771, 1.0, 1.9542, 0, 1.301, 1.0, 1.301, 1.0, 0, 0, 1.4771, 1.0, 1.0], [2.5185, 2.5798, 1.7782, 1.7782, 2.2041, 2.0414, 1.6021, 2.0792, 2.2788, 2.3802, 2.3617, 2.2304, 1.699, 2.1761, 1.6021, 2.1461, 2.2041, 2.3617, 1.8451, 3.6085, 0, 2.0792, 2.0, 1.6021, 2.716, 1.8451, 2.2304, 1.4771, 2.301, 1.9542, 1.4771, 2.0792, 1.0, 1.8451, 1.7782, 1.7782, 2.3617, 1.7782, 1.4771, 2.1761, 2.1461, 1.0, 2.301, 1.9542, 2.1761, 0, 1.699, 1.0, 1.0, 2.1761, 1.4771, 1.7782, 2.3424, 1.9542, 0, 2.301, 2.4472, 1.699, 1.8451, 2.0, 2.2553, 1.699, 1.301, 1.0, 1.699, 1.301, 2.3617, 1.9031, 1.4771, 2.0, 1.4771, 1.6021, 1.4771, 1.301, 1.4771, 1.4771, 2.0414, 1.699, 1.0, 2.1761, 1.9542, 1.301, 1.0, 2.0, 1.699, 1.699, 2.2304, 1.301, 1.699, 1.301, 1.4771, 1.8451, 1.7782, 2.2041, 1.8451, 1.6021, 1.9542, 1.0, 1.301, 2.1761, 1.301, 0, 2.2041, 1.0, 1.0, 1.699, 1.7782, 1.4771, 1.4771, 1.6021, 0, 1.4771, 1.9031, 1.7782, 0, 1.0, 1.4771, 1.301, 0, 1.0, 1.0, 2.0792, 1.0, 1.301, 1.699, 1.4771, 1.8451, 2.1761, 1.8451, 1.6021, 1.4771, 1.6021, 1.0, 1.699, 1.0, 0, 2.0, 1.699, 0, 1.301, 1.301, 1.301, 1.0, 1.0, 0, 0, 0, 1.9542, 1.0, 0, 0, 1.7782, 1.699, 1.301, 1.6021, 1.301, 1.699, 0, 0, 1.8451, 0, 0, 0, 0, 1.6021, 1.301, 0, 0, 1.0, 1.4771, 0, 1.9031, 1.6021, 0, 0, 1.0, 2.301, 1.301, 1.7782, 0, 1.8451, 2.0, 0, 1.6021, 0, 2.5563, 0, 1.0, 1.301, 1.6021, 1.0, 1.301, 1.301, 1.0, 0, 0, 1.301, 1.0, 0, 0, 1.301, 1.0, 1.699, 0, 1.0, 1.301, 1.301, 0, 0, 1.8451, 1.6021, 1.301, 1.301, 1.8451, 0, 1.0, 0, 0, 1.0, 1.9031, 2.3979, 1.301, 1.301, 1.0, 1.0, 1.0, 1.6021, 1.301, 1.8451, 1.0, 1.0, 0, 0, 1.4771, 0, 0, 1.301, 1.8451, 0, 1.7782, 0, 1.0, 1.6021, 0, 1.301, 0, 0, 0, 1.0, 1.0, 0, 1.699, 1.6021, 1.4771, 0, 0], [3.1271, 1.8451, 3.0569, 2.1139, 2.0414, 1.6021, 1.0, 2.0414, 1.9542, 2.9243, 1.9542, 2.301, 2.415, 2.301, 2.2304, 2.3424, 1.6021, 2.4624, 2.1761, 0, 3.6335, 2.5185, 1.9542, 1.7782, 2.4771, 2.8751, 1.9542, 0, 1.301, 0, 2.5315, 1.9542, 1.699, 1.301, 1.6021, 2.4771, 1.699, 1.8451, 2.3979, 1.301, 1.9031, 1.0, 1.0, 1.4771, 0, 2.5798, 1.7782, 0, 1.0, 1.0, 0, 1.301, 1.0, 1.699, 1.9542, 1.4771, 0, 1.4771, 2.0414, 1.9542, 1.0, 1.699, 1.4771, 1.9542, 1.699, 1.301, 1.301, 1.9542, 2.5563, 2.301, 1.0, 2.1461, 1.6021, 1.4771, 1.301, 2.2304, 1.7782, 1.301, 1.6021, 1.6021, 1.4771, 2.0, 0, 0, 1.4771, 1.0, 1.4771, 1.0, 2.4624, 1.9542, 1.8451, 1.0, 1.699, 1.0, 0, 1.0, 1.6021, 1.301, 1.6021, 1.6021, 1.0, 2.0414, 1.6021, 2.301, 2.6902, 1.7782, 2.0, 0, 0, 0, 2.0, 1.0, 2.2553, 1.4771, 1.7782, 1.0, 0, 1.7782, 2.4624, 1.301, 1.9031, 1.0, 2.301, 1.301, 1.4771, 1.4771, 0, 1.0, 0, 1.6021, 0, 1.301, 2.2553, 1.4771, 1.699, 2.9294, 1.699, 1.0, 2.0, 1.9031, 1.301, 1.301, 1.6021, 0, 1.0, 1.8451, 1.4771, 1.0, 0, 0, 1.9031, 1.4771, 1.4771, 1.4771, 0, 1.4771, 1.4771, 2.0792, 1.4771, 1.0, 2.3424, 1.0, 1.301, 1.7782, 1.6021, 1.0, 1.6021, 1.9542, 0, 0, 0, 1.0, 0, 0, 1.301, 0, 0, 1.0, 1.301, 1.699, 0, 0, 1.8451, 1.0, 0, 0, 1.0, 0, 0, 2.2553, 1.6021, 1.301, 0, 1.6021, 0, 1.9031, 1.7782, 2.0, 1.0, 1.699, 1.6021, 1.0, 1.301, 1.699, 1.8451, 0, 1.699, 0, 1.4771, 1.0, 0, 1.0, 1.0, 0, 0, 2.5185, 0, 1.0, 1.4771, 0, 1.0, 1.301, 1.0, 1.6021, 0, 1.0, 2.0792, 0, 0, 1.0, 1.6021, 1.0, 0, 1.301, 1.9542, 0, 0, 0, 0, 1.0, 1.4771, 1.0, 0, 1.699, 1.9031, 1.4771, 0, 1.6021, 0, 0, 0, 1.699, 1.301, 1.0, 0, 0], [2.8692, 2.5051, 2.8513, 3.0792, 2.415, 1.6021, 1.699, 2.3424, 2.415, 2.3979, 2.7076, 2.3802, 2.4914, 2.716, 2.8513, 2.5798, 2.3424, 2.959, 2.2553, 2.0792, 2.5185, 3.7882, 2.2788, 2.301, 2.6021, 2.6628, 2.699, 0, 1.9031, 2.1139, 1.8451, 2.8195, 2.2553, 2.4771, 2.0414, 2.1461, 2.0, 2.0414, 2.2041, 1.9031, 2.2553, 0, 1.8451, 2.0792, 2.0414, 2.2553, 2.1761, 1.4771, 1.0, 1.9542, 0, 1.301, 1.9031, 2.3222, 2.0, 1.8451, 2.301, 1.9542, 2.2788, 1.301, 1.9031, 2.0792, 2.1761, 2.415, 1.4771, 1.301, 1.9031, 1.9031, 2.7709, 2.3979, 1.9542, 2.1761, 1.8451, 1.8451, 2.1139, 2.2041, 2.5185, 2.2041, 2.2553, 1.7782, 1.7782, 1.6021, 1.699, 1.9542, 2.1461, 1.9542, 1.699, 1.6021, 2.0792, 1.9031, 2.2553, 2.0414, 2.4314, 1.4771, 1.301, 1.9542, 2.2304, 2.0414, 1.7782, 2.4314, 2.2788, 2.0414, 1.699, 2.1139, 2.0414, 1.7782, 2.0414, 2.0414, 1.0, 2.0, 1.9031, 1.6021, 2.0, 1.6021, 1.8451, 2.3424, 1.699, 1.9542, 2.0, 2.0, 1.4771, 1.301, 2.5563, 1.9031, 2.5185, 1.699, 1.6021, 1.4771, 1.301, 2.2553, 2.0414, 1.699, 2.1461, 2.1139, 1.6021, 2.0, 2.0792, 1.7782, 2.0792, 2.2788, 1.7782, 1.4771, 1.6021, 1.4771, 1.4771, 1.9542, 1.301, 1.4771, 0, 0, 1.9031, 2.0414, 1.7782, 1.699, 1.301, 1.4771, 1.0, 1.0, 1.6021, 1.4771, 1.301, 1.8451, 1.4771, 1.301, 1.301, 1.301, 1.9031, 2.0792, 1.301, 1.301, 0, 1.4771, 1.4771, 1.6021, 1.9542, 1.699, 1.0, 1.6021, 1.6021, 1.4771, 1.0, 1.301, 1.6021, 1.7782, 1.301, 1.4771, 1.9031, 1.0, 1.699, 1.0, 1.699, 1.9031, 1.0, 1.4771, 0, 1.301, 1.0, 1.7782, 0, 1.0, 1.699, 0, 2.2041, 1.301, 1.699, 1.4771, 1.4771, 0, 1.301, 1.0, 1.301, 1.0, 1.4771, 1.301, 1.7782, 1.699, 0, 1.0, 1.6021, 1.0, 1.4771, 0, 1.4771, 1.8451, 1.699, 0, 1.699, 1.4771, 1.301, 1.0, 1.4771, 1.0, 0, 1.4771, 1.4771, 1.699, 0, 2.1761, 1.0, 0, 1.4771, 1.9031, 1.0, 1.6021, 1.699, 1.699, 1.0, 1.6021, 0, 1.6021, 1.7782, 0, 1.0, 1.4771, 0, 1.4771], [2.4914, 2.4472, 1.301, 1.301, 2.0414, 1.0, 1.0, 2.0792, 2.3222, 1.8451, 2.0, 2.1139, 1.7782, 2.6532, 1.301, 2.5315, 2.0414, 2.0792, 2.2788, 2.0, 1.9542, 2.2788, 3.5999, 1.7782, 1.9031, 1.4771, 1.4771, 0, 2.0414, 1.301, 1.699, 1.699, 1.4771, 1.9031, 1.0, 2.2553, 2.0792, 2.0, 1.6021, 2.0414, 1.4771, 0, 2.1461, 2.0414, 1.6021, 1.699, 2.0, 0, 0, 2.1461, 0, 0, 2.0, 2.1461, 1.0, 1.7782, 1.301, 2.0414, 2.301, 2.0, 1.0, 1.301, 1.0, 0, 1.4771, 0, 1.7782, 2.2304, 0, 1.301, 1.699, 1.0, 0, 1.0, 1.6021, 1.9031, 1.0, 1.4771, 1.9031, 1.7782, 1.699, 2.1139, 1.4771, 1.4771, 1.301, 1.4771, 1.0, 0, 1.0, 1.4771, 1.301, 1.699, 2.0, 1.6021, 1.301, 1.4771, 1.699, 1.301, 1.0, 0, 1.7782, 2.9685, 1.4771, 1.6021, 1.301, 1.301, 1.8451, 1.301, 0, 1.4771, 0, 0, 1.7782, 1.0, 1.301, 1.699, 1.0, 2.0, 1.0, 0, 1.0, 0, 1.699, 1.301, 1.0, 2.0, 1.301, 1.301, 1.6021, 2.1139, 1.6021, 0, 1.4771, 2.2041, 1.8451, 1.9031, 1.0, 0, 0, 0, 0, 1.301, 1.4771, 1.7782, 0, 0, 1.0, 1.0, 0, 0, 1.699, 0, 1.699, 1.6021, 1.0, 1.4771, 0, 0, 1.699, 1.6021, 0, 2.9445, 0, 1.699, 1.6021, 0, 1.301, 0, 0, 1.7782, 1.301, 1.301, 0, 0, 1.6021, 1.0, 1.699, 1.0, 1.301, 0, 0, 0, 1.699, 1.0, 1.301, 0, 0, 0, 1.8451, 1.4771, 1.301, 1.6021, 0, 0, 0, 1.6021, 1.301, 2.2788, 0, 1.301, 1.0, 0, 1.301, 0, 0, 1.7782, 1.301, 0, 1.0, 1.301, 1.0, 0, 1.9031, 1.0, 0, 1.4771, 0, 0, 1.699, 0, 1.0, 1.0, 1.0, 2.0, 1.6021, 0, 0, 1.0, 0, 1.6021, 0, 1.301, 0, 1.0, 1.4771, 0, 0, 1.6021, 0, 1.0, 1.6021, 1.699, 0, 1.6021, 1.0, 0, 0, 0, 0, 0, 1.0, 1.0, 1.301, 1.0, 0, 1.0], [2.2041, 2.4472, 1.9031, 2.3617, 2.1139, 2.4771, 2.4314, 2.2041, 1.6021, 1.4771, 2.2304, 2.4771, 1.699, 2.3802, 2.1461, 2.0792, 2.3979, 2.3424, 1.7782, 1.6021, 1.7782, 2.301, 1.7782, 3.6274, 1.9031, 1.9031, 1.9031, 1.301, 1.7782, 1.0, 2.0792, 1.9031, 3.4771, 1.9031, 2.2553, 1.7782, 1.9542, 1.7782, 1.9542, 1.4771, 1.9031, 1.301, 1.7782, 1.699, 1.9031, 2.2041, 1.8451, 2.0792, 1.9542, 1.8451, 1.9031, 1.6021, 2.0, 1.4771, 1.4771, 1.301, 1.8451, 2.0792, 1.8451, 1.0, 2.0414, 1.9542, 2.0792, 1.4771, 2.415, 1.7782, 1.7782, 0, 1.0, 1.4771, 1.4771, 1.6021, 2.1139, 1.8451, 1.