[[410.3878, 18.8969, 78.3615, 7.0845, 6.6364, 4.5123, 2.2417, 5.3054, 8.8684, 74.6003, 8.3542, 30.4798, 86.3721, 25.4538, 5.8116, 13.8161, 5.1653, 31.2661, 5.3141, 7.0086, 31.7259, 14.5143, 5.091, 3.0172, 13.5278, 24.0878, 4.9456, 0, 5.6873, 1.2642, 53.3589, 4.7325, 3.0094, 1.7321, 3.1048, 47.6659, 6.5816, 13.6827, 24.5985, 5.4647, 3.0477, 1.8583, 2.5985, 2.1974, 2.2444, 14.4758, 11.2927, 0.5833, 1.25, 6.0411, 1.375, 8.7917, 8.267, 6.355, 14.3306, 2.6739, 3.2361, 5.9762, 5.2155, 9.2891, 7.2889, 6.6972, 0.6776, 11.4805, 7.7585, 0.4792, 9.9512, 2.2512, 14.0976, 19.169, 1.4778, 23.5707, 6.2056, 1.0111, 4.83, 11.1448, 3.1662, 1.3375, 6.8092, 2.9796, 2.4778, 1.4048, 3.0708, 1.45, 1.4083, 2.9755, 0.8472, 5.0345, 26.6608, 3.1385, 14.2925, 0.6944, 6.2706, 14.575, 1.2357, 0.531, 3.1595, 3.1877, 0.825, 3.2885, 5.6893, 2.7417, 6.7415, 8.0179, 12.5427, 18.3437, 4.7997, 0.5167, 4.8468, 0.6, 6.8933, 0.2847, 8.4897, 7.9679, 3.6472, 2.2528, 0.6603, 3.2261, 9.4985, 0.7854, 12.194, 2.1961, 8.2705, 0.6387, 2.25, 4.7817, 1.6005, 8.475, 1.0497, 1.9778, 1.7264, 4.975, 2.8298, 6.3112, 4.2567, 6.9492, 2.7858, 4.3083, 3.6234, 3.9984, 4.6694, 5.6333, 4.8585, 1.1637, 4.3381, 7.7665, 7.4262, 1.4833, 0.5, 0.25, 1.9429, 1.4202, 3.1035, 2.1167, 2.4714, 3.5996, 3.35, 0.1667, 4.2956, 1.9429, 0.3111, 0.0833, 7.675, 6.7404, 1.5671, 1.8125, 3.346, 3.5365, 0.95, 0.8242, 0.7833, 1.1457, 2.6167, 2.2262, 7.8554, 0.3269, 2.929, 2.9542, 4.0226, 6.2095, 1.0417, 0.1111, 2.9623, 1.2619, 0.372, 4.0845, 3.1782, 0.25, 2.6781, 5.2278, 1.1909, 3.4262, 0.3917, 12.5639, 0.0625, 1.3242, 1.4722, 3.5108, 0.25, 22.4285, 1.1623, 9.8516, 1.4012, 22.4786, 3.4077, 2.4361, 0.635, 0.25, 4.6456, 1.6434, 4.1762, 5.8905, 2.254, 3.35, 0.4936, 5.0008, 0.4792, 1.9111, 1.2833, 1.1127, 3.3357, 1.9583, 0.4796, 5.3504, 2.2369, 2.0833, 2.1083, 0.45, 0, 1.5778, 8.9063, 1.95, 0.1667, 6.2515, 2.6167, 0.125, 2.0769, 0.8458, 0, 1.1583, 0.5595, 0.9042, 0, 3.3088, 1.2917, 3.7726, 0, 1.9833, 0.25, 0.525, 1.644, 5.6167, 1.5048, 0.7333, 0, 0.0667], [18.8969, 367.5721, 4.2798, 5.547, 5.9801, 51.6619, 32.8191, 3.0317, 13.0882, 5.2841, 20.2266, 25.5981, 4.5536, 23.4257, 1.7112, 22.4787, 15.7782, 14.8012, 11.3188, 7.8102, 1.0333, 8.804, 4.1382, 6.8221, 20.0477, 3.4536, 8.3651, 19.5776, 21.879, 3.3931, 2.2739, 3.9632, 4.278, 1.0238, 16.6642, 5.3852, 10.8219, 8.5804, 6.3755, 12.808, 3.7861, 16.1348, 8.4212, 4.3126, 11.625, 2.4393, 9.136, 33.3344, 13.7859, 3.9252, 11.4247, 15.99, 4.8946, 11.3043, 3.95, 9.187, 8.7521, 19.5021, 6.1358, 7.8475, 5.2512, 5.7626, 5.1345, 0.2833, 15.2293, 6.7444, 7.0711, 6.6298, 0.7333, 0.9171, 1.8528, 2.4933, 15.073, 6.6938, 16.1907, 3.7698, 4.1095, 0.7069, 4.1587, 4.9525, 7.6739, 5.8298, 7.2931, 7.7282, 5.8345, 7.5675, 4.4822, 10.7119, 1.6876, 0.375, 1.2, 1.1441, 4.9452, 7.8512, 1.8667, 4.6568, 6.4595, 1.3667, 5.6517, 6.1437, 5.3766, 0.2917, 7.729, 2.469, 0.8125, 1.3798, 3.0742, 8.9845, 6.8992, 6.9024, 5.8579, 5.2671, 5.1583, 11.054, 1.179, 0.4861, 6.942, 5.5073, 0.8333, 0.2909, 0, 2.3333, 0.1458, 7.0821, 0.3944, 3.1464, 2.8517, 5.6667, 3.1006, 1.9083, 3.0929, 5.5583, 1.325, 5.8128, 3.1556, 0.7833, 2.9104, 2.1576, 0.1, 9.0944, 5.7944, 2.725, 4.7338, 12.0298, 6.3187, 0, 1.5333, 2.0333, 2.0151, 2.4306, 8.4873, 3.6837, 2.8242, 5.0944, 5.769, 1.6611, 4.05, 0, 4.45, 3.3937, 0, 0.125, 1.2, 1.0, 3.1615, 3.6167, 1.688, 0.3333, 3.1857, 1.1703, 4.9968, 1.5727, 3.2, 0.125, 4.0708, 2.238, 11.6179, 1.9619, 1.4762, 0.0714, 5.9536, 0.7338, 3.9333, 1.8436, 4.4211, 1.0667, 6.1345, 9.2861, 4.2254, 1.2, 20.608, 3.5167, 0.1, 0.2, 1.424, 1.8921, 4.5667, 1.1444, 0.0833, 0.7, 2.1107, 0.5333, 2.5409, 0.0833, 2.0402, 4.1778, 0.6064, 1.413, 2.1, 3.4228, 2.9429, 0.6548, 1.9, 2.1278, 5.4595, 0.25, 2.6958, 5.2643, 4.0465, 0.875, 1.4076, 1.0833, 2.6765, 0.75, 1.5429, 5.0022, 1.0, 2.0, 1.5992, 6.45, 0.2, 4.852, 3.7232, 3.9753, 0.3333, 0, 5.2083, 0.7208, 11.9713, 4.0722, 2.8095, 0.5347, 0.25, 1.45, 0.3333, 2.6583, 0.4318, 2.7083, 16.5668, 4.9167, 1.2034, 2.1778, 2.8012, 6.2531, 2.0106, 0], [78.3615, 4.2798, 212.7223, 6.5396, 3.0823, 0.3171, 0.4242, 3.156, 1.4981, 43.0471, 1.2111, 10.9135, 10.5946, 8.0148, 7.2626, 5.2765, 0.1736, 11.5249, 3.222, 1.3706, 25.8482, 15.2357, 0.2111, 1.9413, 2.3111, 25.3044, 2.2611, 0.0909, 0.3878, 0.2917, 16.6854, 1.1111, 2.408, 0.2917, 1.9645, 7.5737, 2.2795, 4.5111, 8.5532, 0.1667, 1.1921, 0.2992, 0, 0.3267, 0.6429, 17.6548, 2.5833, 1.0119, 0.1667, 0.8683, 0.0909, 0.7298, 0.2222, 1.0373, 11.1583, 0.3128, 0.5833, 0.1429, 7.8258, 3.4699, 2.25, 3.5151, 1.3256, 41.7579, 1.0889, 0, 1.1, 0.2714, 7.6901, 9.944, 0.625, 4.2651, 3.3842, 0.202, 0.4929, 7.9012, 2.8952, 0.4167, 2.1826, 1.7236, 0.4453, 1.3214, 0, 0.25, 0.425, 1.0247, 0.354, 5.1024, 11.5606, 3.8718, 33.764, 0.7778, 3.5898, 0.6583, 0.2, 1.6222, 0.6111, 0.0909, 0.7917, 3.4468, 2.952, 0.1909, 1.2854, 5.7746, 11.4453, 2.0139, 8.2381, 0, 0.5, 0, 2.1953, 1.8458, 5.7175, 1.2333, 24.504, 1.7694, 0.3095, 1.9534, 12.9012, 0.0833, 5.3167, 0.3333, 4.3, 1.1867, 0.7, 1.6623, 0.2917, 1.525, 0, 2.3563, 0.4097, 2.0833, 5.1869, 0.6429, 3.3706, 2.5651, 1.0643, 0.7083, 1.9845, 2.45, 0.5833, 1.0071, 1.6632, 0.7, 3.7452, 23.3886, 2.6262, 0.7512, 0, 0, 2.3929, 2.7838, 4.396, 2.5354, 0.1667, 1.5139, 0.5, 0.5, 0, 0.3095, 0.625, 0.6111, 5.4667, 3.0781, 0.5357, 0, 0.8111, 4.3381, 1.0, 0.1667, 0, 0.8889, 2.0333, 0.3588, 0.6, 0, 2.129, 1.4917, 0.9559, 1.9024, 0, 0.1429, 0.8968, 0.9429, 0.5208, 0.6111, 0.0909, 0.5357, 0.4198, 5.0262, 1.0659, 2.85, 0.125, 1.4278, 0, 0, 0.6706, 3.8865, 0.0833, 0.9071, 1.1861, 1.0333, 1.3333, 2.9956, 1.3553, 0.625, 1.0167, 0, 23.9789, 0.4107, 0.125, 0.65, 1.0056, 0.1667, 0.25, 5.2397, 0, 0.0833, 1.125, 0.5, 0.7, 0.3929, 0.1111, 2.6754, 2.1583, 0, 5.9987, 0.2, 0.2, 0.6, 2.6004, 0.45, 0.0909, 1.8194, 7.302, 0.125, 0, 0, 0.4762, 0, 0.7, 0.8667, 0, 4.7104, 2.6083, 4.7464, 0.3333, 1.4083, 0.1429, 0.125, 0.754, 3.4, 0.125, 1.3333, 0, 0], [7.0845, 5.547, 6.5396, 225.3079, 1.7849, 0.3111, 2.2718, 0.63, 67.3641, 1.6345, 10.6741, 53.694, 1.4269, 7.8326, 43.669, 4.8333, 6.9956, 5.6208, 0.9167, 1.4278, 2.2913, 34.432, 0.2054, 5.5903, 0.8028, 28.6127, 10.6939, 0.3968, 4.3147, 0.125, 1.004, 5.3173, 1.8027, 1.5456, 0.6468, 1.7238, 2.1198, 8.5583, 10.4266, 4.794, 1.4512, 0.9623, 2.5171, 1.9323, 4.675, 2.4, 4.1431, 0.1667, 0, 1.3875, 0.7218, 0.5353, 1.9167, 6.5595, 20.6429, 0.1667, 1.0179, 4.129, 0.25, 3.0417, 4.0457, 11.5056, 0.5333, 13.5817, 2.2436, 0.5333, 1.2933, 0.3103, 2.0611, 3.7262, 1.8103, 0.25, 2.75, 0.5595, 3.5236, 1.8333, 4.2983, 51.5831, 1.725, 0.2333, 0.1917, 0.2333, 2.4802, 1.65, 2.8833, 0.1917, 0, 0.45, 0.6448, 3.6667, 0.2909, 1.0, 5.36, 1.6667, 1.85, 0, 6.0583, 0, 0.1667, 1.1717, 5.2952, 0.0909, 1.7083, 0.325, 0.7873, 2.9269, 0.7448, 2.2262, 0.7858, 2.794, 4.0353, 0, 1.375, 2.3512, 0.2, 12.8667, 4.2774, 0.3111, 0.0769, 0.9345, 1.8333, 1.4239, 13.4425, 0.2, 7.6766, 1.825, 0.1917, 0.3333, 0.0667, 0.125, 3.6012, 0.9444, 0.2, 1.1531, 0.1667, 0.7778, 0.125, 1.2136, 18.0809, 6.069, 2.8056, 0.8031, 0.2333, 0, 0.25, 0.7269, 1.0, 1.0, 0, 0, 3.454, 0.125, 0.3269, 1.0833, 0.125, 0.9762, 1.9167, 0, 0.125, 2.7095, 0, 0, 2.0417, 0.3667, 0.2679, 0.0909, 0.5178, 10.6885, 1.25, 0.8452, 1.375, 0.1667, 0.5, 0.2159, 1.1153, 4.2774, 0.5, 2.9583, 1.2603, 0, 0.2778, 0, 0, 0, 0.2, 1.1968, 0.4206, 0, 3.3769, 0, 0.0909, 2.1583, 0, 0.7, 0.9762, 0, 0.2333, 0, 0.1111, 0, 4.1429, 0.5171, 1.1921, 0.9309, 2.5, 1.25, 0.3429, 0, 6.0769, 0, 0.0833, 0.5, 0.9167, 0, 1.9031, 2.6944, 0, 0.125, 0.1, 1.3918, 0.5087, 0.625, 0.125, 0.9583, 1.3667, 0.65, 1.7714, 0.5833, 2.3136, 2.3083, 0.1667, 1.7333, 0.1429, 1.7436, 0.1429, 0, 2.0289, 2.8543, 0, 0.25, 0.6667, 0.0625, 4.4167, 1.2833, 2.1, 2.2269, 0, 0.45, 0, 1.25, 0.5333, 0, 0, 0.7833, 0, 0.25], [6.6364, 5.9801, 3.0823, 1.7849, 182.9582, 2.1115, 0.2917, 156.1941, 3.5615, 3.3587, 5.9226, 12.9151, 1.768, 7.4269, 1.5626, 9.9846, 13.5024, 5.7706, 15.3635, 2.3158, 1.9116, 5.7956, 1.4348, 4.1, 18.2714, 2.2179, 3.0055, 0, 2.7618, 14.5659, 0.7307, 2.3249, 1.3667, 0.9713, 0.9331, 1.5503, 8.358, 5.3528, 0.935, 13.4825, 9.0164, 0.9333, 1.3881, 1.1299, 8.7611, 1.0798, 8.4563, 1.1262, 0.125, 1.4027, 0.2917, 2.8048, 1.9394, 6.0701, 0.2, 4.2696, 7.275, 2.75, 3.1147, 7.8665, 4.2679, 4.575, 0.9254, 0.6667, 2.2262, 0.5667, 3.2552, 3.5092, 0.3, 1.4429, 0.2833, 0.5949, 2.1595, 0.3111, 4.5401, 1.8929, 2.2484, 0.6694, 2.6159, 4.3679, 6.5997, 5.6627, 1.719, 2.2679, 1.7429, 4.2703, 5.9341, 1.8107, 0.502, 0.5, 0.4838, 4.2567, 1.9278, 2.7595, 6.7873, 0.2255, 3.2706, 11.0635, 6.3865, 2.3448, 2.1497, 0.1, 1.7909, 2.1302, 0.6181, 1.1667, 3.1766, 1.6583, 0.2917, 1.975, 0.9636, 0.8095, 3.8333, 4.3095, 0.3194, 2.5067, 2.2892, 2.5465, 0.0588, 0.3778, 0.625, 0.8333, 0, 0.4576, 1.0397, 0.6, 0.635, 0.8667, 1.289, 2.4123, 2.4611, 1.1004, 1.0179, 3.7838, 1.5, 0.9778, 2.0956, 0.5278, 0, 0, 0.125, 1.4762, 1.5101, 1.9929, 0.0833, 0.3922, 1.875, 3.9583, 0, 0, 3.0373, 1.625, 2.2452, 0.8354, 2.4762, 0.4611, 3.1345, 0, 4.1929, 1.7366, 0.1667, 0, 1.2833, 0.5, 3.031, 0.6333, 0.4444, 0, 0.25, 0.5107, 0.0833, 2.6148, 0.625, 0.25, 2.504, 0.538, 0.8095, 0.125, 3.7997, 0, 0.3611, 4.3413, 1.9833, 0.8917, 0.325, 1.6679, 0.45, 0.7873, 1.6595, 1.4444, 0.1667, 1.2929, 0.2429, 0, 0, 4.4576, 0.9167, 0.5333, 0, 0, 0.3333, 0, 1.1595, 0.3111, 2.2331, 0.6762, 1.0588, 0, 0.45, 3.8394, 2.0, 0.125, 2.2595, 0.8667, 1.5531, 1.0, 0.1667, 0.6111, 3.6444, 0.6583, 0.9019, 0.25, 1.427, 1.3667, 1.1167, 1.1167, 0.1667, 2.6333, 0.9028, 0.25, 0.125, 0.3333, 0, 1.9206, 0.1, 0, 0.5769, 0.2708, 0.45, 0.6762, 1.6167, 1.6944, 1.3667, 0.3111, 0.4333, 1.9802, 0, 0.5, 0.125, 1.9857, 1.0968, 0.3333, 1.7036, 0.6429, 0, 0], [4.5123, 51.6619, 0.3171, 0.3111, 2.1115, 151.4652, 89.816, 2.758, 1.2647, 0.7694, 1.0024, 3.0393, 0, 1.6091, 0.6778, 1.9964, 2.0694, 2.0115, 1.2703, 3.0512, 0.5873, 0.7179, 0.1, 5.8036, 0.8429, 0.1429, 0.125, 27.4079, 5.0651, 4.3677, 0.1429, 0.2, 7.4274, 0.3111, 36.1355, 0.65, 2.3849, 7.6071, 0.5, 0.125, 3.323, 28.9696, 0.7429, 1.504, 3.3508, 1.2214, 0.5, 37.7345, 24.4677, 0.4333, 33.081, 11.7012, 5.1984, 0.1429, 0, 1.0103, 0, 4.6044, 3.1885, 0.1, 0.6206, 1.0737, 2.3409, 0.1429, 16.9624, 17.773, 3.6266, 0.202, 0.454, 0, 1.3667, 0.4, 5.2043, 12.4714, 1.0333, 0, 0.254, 0, 0.2, 0.7338, 0.2, 0.1111, 8.4492, 0, 0.427, 1.0837, 4.5977, 7.4869, 0.6429, 0, 0.0909, 0.3667, 1.0913, 1.0583, 0, 2.9548, 0.4333, 0.619, 0.8647, 0.4242, 1.9104, 0, 5.7128, 0.5429, 0.2, 0.0714, 0, 0, 1.577, 0, 3.0004, 7.1568, 0, 4.3449, 0.3095, 0.8909, 4.9385, 0.0909, 0, 0.1111, 0.3333, 0.2833, 0.2854, 1.2663, 0.0833, 0.4381, 0, 0.75, 0.1429, 0.6667, 2.3333, 2.3091, 0, 0.3111, 1.2, 0.25, 0.619, 0.6576, 0, 0.775, 1.4139, 1.9687, 0.7929, 1.8869, 3.758, 0.1429, 0, 0.4444, 5.5116, 11.5245, 0, 1.1, 0, 0.7242, 0.8266, 0.1667, 1.3667, 0, 0, 0, 0, 0, 0.1429, 0, 2.0123, 0, 0.9492, 0, 1.3012, 0.2083, 5.7893, 0.1111, 0, 0, 0, 0, 0.2679, 1.9429, 0, 0.0714, 6.0318, 1.0226, 0.5, 1.2876, 1.9258, 0.4679, 0, 6.2119, 0.4683, 0.1111, 0.5333, 0.8595, 0, 0.2, 4.2595, 0, 0.4679, 0, 0.4778, 0, 0.2679, 0.625, 2.7838, 0, 2.2969, 0, 0.8214, 2.5377, 0, 0.1111, 0.5444, 0.0714, 0, 1.4056, 0.25, 0, 7.6194, 2.2175, 0.5333, 0.0833, 0.2, 0, 1.0006, 0, 0.1429, 2.4093, 0, 0, 0.0909, 0.1, 0, 5.2917, 5.2255, 0.1429, 0, 0, 0.7576, 0, 5.8201, 1.8782, 0, 1.0, 0, 0, 0, 0, 4.5294, 1.6297, 3.9346, 0.25, 1.6713, 1.9456, 0, 1.3936, 4.6773, 0], [2.2417, 32.8191, 0.4242, 2.2718, 0.2917, 89.816, 152.1882, 0.4345, 0.704, 0.4028, 0.8722, 3.0306, 0.2778, 1.8825, 0.6679, 1.554, 0.1111, 1.6028, 1.1238, 0.6595, 0.1111, 1.0929, 0.3333, 5.5873, 0.1429, 0.1429, 0.7635, 56.5281, 4.6032, 0.8756, 0.1111, 0.6778, 4.435, 0.2, 28.1665, 0.3611, 1.1809, 19.8607, 0, 0.125, 1.2679, 30.5292, 0, 0.4262, 6.6651, 1.15, 0.1667, 16.2246, 21.4915, 0, 45.9644, 3.9639, 5.8107, 0, 0.8333, 0.6436, 0, 3.8021, 0.8929, 0.1, 0.8373, 5.3555, 3.654, 0, 14.2604, 27.25, 0.8076, 0, 0.7317, 0, 0, 0.3095, 6.8587, 20.0623, 0.25, 0, 1.0746, 0.25, 0, 0.1429, 0.2, 0, 16.4147, 0, 0.1, 0.7186, 4.1476, 2.0186, 0.8429, 0, 0.3333, 0.1667, 0.2778, 0.55, 0, 3.669, 0.5833, 0.2857, 0.5357, 0.9206, 0.8068, 0, 2.4842, 0.6679, 0, 0.1667, 0, 0, 2.2, 0, 1.4111, 6.5496, 0.5, 2.6921, 0, 1.5611, 0.9611, 0.1818, 0, 0, 0.3333, 0, 1.0631, 1.6429, 0, 0, 0, 1.25, 0, 0.6667, 1.025, 4.6635, 0, 0, 0.5333, 0, 0, 1.1202, 0.25, 2.3369, 2.1972, 1.1242, 0, 1.0357, 1.1397, 0, 0, 0.3333, 10.2536, 15.3095, 0, 0.5333, 0.3333, 0.7583, 0.2909, 0.7302, 0, 0, 0, 0, 0, 0, 0, 0, 3.3615, 0, 1.5417, 0.1429, 1.7984, 0.5833, 11.2254, 0, 0, 0, 0, 0, 0, 4.7742, 0.3333, 0, 6.0369, 0.3262, 0.225, 1.296, 1.9159, 0.2679, 0, 1.7167, 0.25, 0, 0, 0.288, 0, 0, 8.0805, 0, 0.45, 0, 0.45, 0, 4.5909, 0.7083, 1.11, 0, 1.1762, 0, 0.0714, 9.2738, 0, 0, 0.2, 0.1667, 0, 0.3611, 0, 0, 7.1555, 2.098, 0, 0.0833, 0.5, 0, 0.7784, 0, 0, 3.5347, 0, 0, 0, 0.1, 0, 2.6377, 10.5184, 0, 0, 0, 0.125, 0, 3.9618, 1.0528, 0, 0.7262, 0, 0, 0, 0, 8.7433, 2.5364, 1.3918, 0, 0.8379, 0.5635, 0, 0.8103, 8.9884, 0], [5.3054, 3.0317, 3.156, 0.63, 156.1941, 2.758, 0.4345, 172.2268, 2.6344, 2.954, 4.8655, 13.6817, 1.156, 8.5103, 0.8523, 7.5628, 7.3655, 9.0206, 14.5362, 1.45, 2.8528, 4.4956, 2.3626, 3.5912, 11.0147, 2.9679, 2.3821, 0, 1.3364, 13.6032, 0.4, 1.5015, 1.1048, 0.9389, 0.7076, 1.8595, 12.0759, 2.6528, 1.7429, 11.8563, 7.3529, 0.6, 1.9595, 0.7531, 3.5151, 1.1917, 9.1211, 0.775, 0.5298, 1.0524, 0.2917, 5.0214, 1.7936, 6.2833, 0.2, 5.7228, 5.9417, 3.4123, 1.8357, 5.704, 2.9679, 1.4917, 1.354, 0.3333, 1.4031, 0, 1.9956, 3.5326, 0.4667, 0.5679, 0.5417, 0.9611, 3.0762, 0.3111, 2.9461, 0.9762, 1.9805, 0.325, 1.6361, 3.0913, 6.204, 7.4079, 0.7857, 1.4762, 3.819, 3.4795, 6.3596, 1.3345, 0.5547, 0.4167, 0.1909, 9.2615, 0.3, 4.3595, 7.9706, 0.1667, 1.7167, 8.9623, 6.6155, 3.9698, 3.6179, 0, 0.7742, 2.6302, 0.4722, 0.3048, 2.5409, 0.95, 0.2917, 0.7167, 1.0845, 0.5, 2.05, 4.4524, 0.1833, 2.1317, 2.3297, 3.1389, 0, 0.2778, 0.825, 0.8333, 0, 0.779, 0.2857, 0.4214, 1.3833, 1.3667, 1.2354, 1.1869, 1.6833, 1.6004, 0.8607, 2.5917, 1.3, 0.5611, 1.1167, 2.4167, 0, 0, 0.125, 0.4583, 1.3846, 1.2429, 0.2262, 0, 0.3333, 2.1917, 0, 1.0, 2.1762, 1.0833, 2.2952, 0.5242, 2.7262, 0.3929, 3.55, 0, 3.0833, 2.8933, 0, 0, 0.7417, 0, 2.3889, 0.6, 0.4103, 0, 1.0833, 1.3686, 0, 1.8076, 0.825, 0.25, 1.2873, 0.538, 0.6667, 1.4583, 3.1413, 0.0714, 0, 3.8334, 1.65, 2.5429, 0.3964, 1.1417, 0.704, 0.6528, 2.0881, 1.2778, 0.1667, 2.7262, 0.4929, 0, 0, 1.5333, 2.5595, 0.5, 0, 0, 1.3333, 0, 1.2595, 0.2, 0.9318, 1.8762, 0.5, 0, 0.5929, 5.6603, 1.0667, 0.0714, 2.6929, 1.0333, 0.5531, 1.7, 0, 0.1944, 3.631, 0.6583, 0.8853, 0, 1.1306, 0.1667, 1.2, 0.8333, 0.1667, 3.1, 0.2917, 0, 0.125, 0.3333, 0, 1.8864, 0, 0, 0.9698, 0.2, 0.45, 0.6012, 2.6167, 0.6667, 1.0, 0.3111, 0.1, 0.2857, 0, 0, 0, 0.8552, 0.6206, 0.6667, 1.4857, 0.7, 0, 0], [8.8684, 13.0882, 1.4981, 67.3641, 3.5615, 1.2647, 0.704, 2.6344, 166.8314, 1.9972, 2.5818, 18.4385, 1.4886, 12.7229, 1.7339, 9.9302, 4.2318, 6.3158, 5.7441, 2.3824, 1.8183, 6.8524, 2.1247, 0.5978, 1.1667, 3.058, 0.7254, 0.3611, 9.6984, 2.4206, 0.9883, 0.3, 0.4375, 1.8551, 1.0897, 2.2202, 8.9159, 2.65, 4.5755, 5.5024, 7.8453, 0.504, 5.068, 2.4488, 1.2667, 3.7159, 5.8074, 0.9802, 1.4167, 2.722, 0.4206, 12.0165, 3.6839, 6.9784, 5.0833, 7.1164, 0.1667, 7.4357, 3.5206, 5.6213, 1.9409, 3.3095, 0.3667, 0, 2.792, 1.1111, 10.4834, 5.4473, 0, 1.4167, 1.1861, 0.5742, 2.5333, 1.4167, 2.7685, 2.5769, 0.4838, 17.0296, 0.4587, 0.994, 0.7823, 6.4961, 0.1111, 0.5417, 4.3667, 1.25, 7.0493, 1.1262, 0.7626, 0.6667, 0.1111, 0.8667, 1.6297, 3.6167, 2.6667, 0.9255, 0.4762, 6.4961, 1.6838, 3.5762, 1.4179, 0.125, 3.8949, 1.2083, 1.0804, 0.4, 1.8679, 1.5833, 0.6909, 0, 10.175, 0.0833, 0.5833, 2.119, 0, 1.6104, 2.1853, 2.858, 0.1838, 1.4679, 0, 0.8576, 3.3915, 0.6667, 0.6667, 0.5833, 0.2588, 3.0, 0.6497, 0.4333, 0.5929, 1.8167, 0.4667, 0.2017, 0.502, 0.3929, 0.4, 1.3333, 3.0345, 1.0278, 0.5, 1.0833, 0.9037, 1.1333, 0.6429, 0.3922, 0.1429, 1.4167, 0, 0.0833, 0.8333, 0.1769, 0.5818, 3.8056, 6.1936, 0.8333, 2.4262, 18.8819, 1.7, 1.5333, 20.3493, 0.125, 0.8095, 0.4, 1.7115, 0.9083, 0.8964, 3.7512, 0.9167, 0.2607, 0.25, 0.4167, 0.3333, 0, 2.2665, 1.9353, 1.9, 0, 0.2, 0, 0.3111, 1.7858, 0.2, 2.7, 1.0, 0.1667, 0.4167, 1.3929, 2.8833, 1.75, 0.125, 2.0417, 0, 0, 0, 1.4644, 1.1263, 0, 0, 0.3, 0.5833, 0, 0.9512, 0.6833, 3.9894, 0.7762, 0.0588, 0.1667, 0, 0.8394, 1.7333, 0.1429, 1.4417, 0.1, 0.5167, 0, 1.0, 1.1556, 2.3742, 0.6909, 0.7576, 0.625, 0.7242, 0.3667, 0.75, 0.9, 0, 1.0333, 1.2667, 1.2, 0, 0.95, 0, 2.2436, 0, 0, 0, 1.0542, 0.1, 6.6663, 2.4826, 0.2569, 0.3333, 0.5, 0.575, 0.1667, 0, 0.2, 0, 0.5, 0.1, 1.6583, 1.95, 0.45, 0, 0], [74.6003, 5.2841, 43.0471, 1.6345, 3.3587, 0.7694, 0.4028, 2.954, 1.9972, 133.0556, 1.1762, 11.4607, 19.7969, 10.133, 1.5917, 8.6324, 0.6653, 9.967, 2.4403, 5.1725, 19.5195, 4.5921, 0.6324, 0.5095, 4.9028, 9.7056, 1.0345, 0, 0.7955, 0.85, 4.0571, 1.2345, 0.4762, 1.388, 2.7086, 5.9956, 1.7419, 1.0611, 3.6152, 1.404, 1.9715, 0, 0.5512, 2.2754, 0, 6.5349, 4.2111, 0, 0.3667, 0.6975, 0.6028, 1.3964, 2.2236, 3.2372, 1.1806, 1.9274, 1.5333, 3.219, 3.7988, 4.7963, 1.8171, 0.1429, 0.8165, 3.4813, 0.2778, 0.2778, 0.6583, 1.9885, 7.1762, 5.5012, 1.625, 6.2429, 2.6429, 0.5111, 1.45, 2.075, 0.654, 0.5833, 2.4833, 3.7169, 0.8269, 2.2048, 0.3667, 0.65, 0.5679, 2.7588, 0.5206, 1.5512, 2.8708, 1.3095, 7.9075, 1.1944, 4.1477, 5.5262, 0.6167, 0.8128, 1.454, 0.8921, 0.4167, 0.7659, 2.0944, 0.1, 1.4706, 4.1579, 14.9494, 4.6123, 8.679, 0, 0.7595, 0, 0.6381, 1.4847, 4.6456, 0.7, 10.8397, 2.3722, 0, 1.3705, 8.1515, 0.1833, 1.1583, 0.8504, 2.4274, 2.0276, 0.3667, 1.6151, 0.7838, 2.825, 0.3699, 1.904, 0.2986, 0.8667, 2.3698, 1.0683, 3.7873, 3.2806, 2.2056, 0.7417, 1.1694, 1.5167, 0.45, 0.9778, 2.5854, 1.0679, 0.7548, 2.285, 1.3437, 1.4679, 0, 0, 0.1429, 1.2576, 0.3333, 0.9833, 1.0095, 1.669, 0.7, 0.4583, 1.6361, 1.0691, 0.2917, 0, 1.425, 0.9142, 2.0766, 1.3333, 0, 1.6389, 0, 0.2255, 0.25, 1.4775, 2.8667, 0, 1.0429, 0, 0.4345, 1.0, 0.5278, 1.519, 0.2917, 0.3095, 0.8778, 0.3, 0.7649, 0.5583, 0.25, 0.25, 0.7845, 1.7333, 0.1909, 1.7, 0.225, 1.402, 0, 3.2826, 0.1111, 1.4734, 0.25, 0.696, 0.3667, 2.285, 0.2833, 2.4449, 0.65, 0.2917, 5.4017, 0.25, 4.7104, 1.7065, 0.9679, 1.0365, 1.3389, 0.4333, 0, 3.1512, 0, 0, 0.7556, 0.6838, 0.5762, 0, 0.5854, 1.0826, 1.5095, 0.1111, 2.0929, 0.25, 0, 0.5, 3.1476, 0.7, 0, 0.75, 6.319, 0.4583, 0.3333, 0.5125, 0, 0.125, 1.5667, 0.7222, 0, 3.5135, 0.3333, 0.4417, 0, 2.2095, 0, 0.4583, 1.6151, 0.65, 1.906, 0.7, 0, 0.25], [8.3542, 20.2266, 1.2111, 10.6741, 5.9226, 1.0024, 0.8722, 4.8655, 2.5818, 1.1762, 123.8251, 2.1929, 2.444, 3.8967, 4.3768, 1.3476, 13.8461, 3.3038, 10.5723, 7.25, 1.2016, 11.4428, 2.66, 5.3214, 9.5303, 1.9786, 48.3689, 0, 8.3516, 2.7552, 0.6909, 40.1495, 2.0123, 0.75, 1.5229, 1.6882, 1.6202, 1.65, 0.8667, 1.269, 2.4076, 0, 12.6822, 1.6551, 7.1139, 1.3262, 2.6095, 0.3626, 0.4762, 0.7667, 0.2769, 0.9309, 0.6345, 3.662, 0, 0.6099, 9.2945, 1.8774, 2.2266, 0.4095, 4.0005, 1.2218, 1.0595, 0.2, 0.525, 0.3111, 0.7218, 2.6941, 9.8492, 2.9179, 0.938, 1.144, 0.9, 0.2679, 2.2071, 0.9114, 5.2956, 0, 0.5782, 0.6235, 2.6672, 0.6095, 2.319, 13.0778, 6.5433, 0.6183, 0.45, 0.3448, 0.3864, 2.3588, 0, 9.2818, 2.3495, 0.5595, 1.4103, 0.6429, 9.1048, 0.1667, 3.1648, 4.7464, 0.3929, 0.1667, 0.563, 0.4333, 0.4444, 1.1936, 0, 5.9167, 0.6088, 7.4302, 0.6568, 0, 0.6, 2.0452, 0, 0.7262, 1.9262, 0, 0.1429, 0.2857, 0, 1.0441, 0.2788, 0.5179, 0.8543, 0.6167, 1.5333, 0.3333, 9.237, 1.6698, 1.7769, 0.1667, 0.8095, 2.071, 0.5833, 0.5206, 0, 1.0393, 0.3769, 2.7286, 1.7456, 0.1429, 0.2242, 0.2857, 0.0909, 0, 2.0595, 0.125, 0.1429, 0.0769, 2.3929, 0.9095, 0.7262, 1.1468, 0.2436, 0.6504, 0.6345, 0.1667, 0.8409, 0.3679, 0.6167, 0, 0, 0.2429, 0.325, 1.0652, 1.1365, 0.3429, 0.8333, 1.0179, 2.0, 0, 0.125, 0, 0.5333, 1.1762, 1.4167, 1.2262, 1.0833, 0.25, 1.2222, 0.25, 0, 0.1429, 0, 1.0345, 3.704, 0, 0.3095, 0, 0, 0.4595, 0.2, 0, 0, 0, 0.5667, 0.1, 0, 0, 1.0631, 0.2262, 0.125, 0.454, 0.4735, 1.25, 0.1429, 0, 0.2, 0.5909, 0, 0.4345, 0.0769, 0.2, 5.8698, 0.1, 0, 0.7556, 0.327, 0.533, 0.6178, 0.1429, 0.202, 0.1, 0.6429, 0, 1.25, 1.5603, 2.1183, 0.5667, 0.2, 0.2, 0, 0.9, 0, 0, 3.8396, 0.2019, 0, 0, 0.0769, 1.2576, 2.5833, 0, 0.7338, 1.5833, 0, 0.4857, 0, 1.0845, 1.8012, 0.25, 0.25, 0.9047, 0, 0.1429], [30.4798, 25.5981, 10.9135, 53.694, 12.9151, 3.0393, 3.0306, 13.6817, 18.4385, 11.4607, 2.1929, 167.5888, 3.9873, 11.9639, 13.0663, 9.8727, 0.8694, 4.9548, 1.0429, 5.8583, 5.4873, 4.773, 5.325, 7.0993, 5.4123, 23.4813, 2.2917, 1.3433, 13.5274, 0.25, 6.0956, 1.7611, 4.2627, 15.3246, 1.9302, 3.5377, 4.3929, 4.7679, 2.3274, 5.0516, 1.1167, 0.9929, 9.6135, 4.3302, 3.2345, 8.2083, 4.9373, 1.1365, 1.8572, 2.25, 2.152, 4.2278, 2.2575, 7.7179, 11.7817, 0.5595, 2.2833, 3.4595, 1.6262, 3.9012, 2.5873, 3.1861, 0.6944, 0.7917, 2.2095, 0.7492, 4.5313, 0.3095, 0.325, 2.15, 2.6167, 1.704, 1.6385, 1.4171, 1.5361, 0.8333, 3.8679, 9.325, 0.1429, 0.3929, 1.0, 0.8333, 2.075, 0.4429, 0.425, 0.4, 1.5, 4.1024, 1.3706, 1.5278, 3.1667, 0, 2.1456, 6.8262, 0.8679, 0.6111, 2.2333, 0.75, 0.5095, 4.1179, 3.8036, 0.45, 1.1111, 1.5, 2.6107, 0.225, 1.3409, 0.4583, 1.4345, 0.375, 0.4167, 0.1111, 2.075, 0.625, 0, 1.3194, 0.1111, 0.4909, 1.1028, 3.5861, 2.525, 1.6706, 1.2667, 0.1111, 2.4167, 1.5456, 0, 0.6667, 0.4429, 0, 0.5, 2.2179, 0.9167, 3.075, 0.1667, 2.2361, 0.0909, 3.573, 7.5135, 1.2083, 1.9917, 0.7333, 1.5, 1.7679, 2.1206, 0.3333, 0.1667, 0.5, 0.7468, 0.8333, 0.3333, 0, 1.5, 0.9833, 2.5, 0.3333, 2.0833, 0.8333, 0.9083, 0.4, 0.25, 0, 5.3456, 0.9873, 1.8206, 0.8429, 1.944, 3.1651, 0.2, 0, 0.7861, 0, 0.25, 0.9167, 1.6528, 0.1111, 1.0179, 0, 0.9333, 0.1, 1.2833, 0, 1.85, 1.7, 0.4583, 2.7528, 0.6429, 0.3095, 1.75, 0, 0.8409, 2.5429, 0, 1.95, 0, 0, 0.1111, 0, 0.2679, 0.3679, 0.4167, 1.6667, 1.3333, 0.6929, 0.3095, 0.6, 0.1667, 0, 1.5833, 1.4583, 2.25, 0.1, 0.8667, 0.8095, 0.25, 0.2, 0.4361, 0.6111, 0.1, 0.9762, 2.0444, 1.0833, 0, 0.2917, 1.2, 0.8, 0, 0, 1.629, 1.425, 0.6667, 0.5333, 0, 0, 0.8611, 0.5833, 0, 1.2929, 0.3667, 0, 1.0333, 0.1, 0, 0.45, 1.325, 1.1667, 0, 0.8845, 0.5333, 1.0167, 0.5, 0.8333, 0, 0.2, 0, 1.2833], [86.3721, 4.5536, 10.5946, 1.4269, 1.768, 0, 0.2778, 1.156, 1.4886, 19.7969, 2.444, 3.9873, 116.9081, 8.679, 0.7519, 9.8183, 2.9611, 6.9325, 7.2484, 1.375, 4.0648, 6.5631, 0.7512, 0.9262, 11.2028, 1.8643, 3.3552, 0, 1.0886, 1.1429, 3.8978, 3.0718, 0.6429, 0.1, 0.5595, 3.9323, 3.4656, 1.2595, 0.9583, 2.9524, 1.5318, 0.25, 0.0667, 0.1588, 1.25, 1.4901, 3.7012, 0, 0.1667, 2.0164, 0.1667, 0.7409, 0.0667, 7.2921, 0.5833, 1.905, 1.0512, 1.1242, 0.9722, 3.8992, 1.0095, 2.0, 0.504, 1.1864, 1.3929, 0.4167, 1.4861, 2.837, 5.5663, 1.0826, 0.4167, 23.6393, 0.7679, 0.2, 1.6206, 2.2929, 1.1361, 0, 0.4652, 3.4184, 1.2672, 1.8548, 0.4167, 1.7179, 4.0095, 1.9794, 0.3611, 0.3333, 1.1714, 0.1111, 3.085, 0.4762, 1.1345, 2.2333, 1.4024, 0.504, 2.4944, 2.104, 0.4083, 0.9778, 3.2687, 0.3333, 0.3333, 2.2817, 3.0826, 9.319, 6.8072, 0.5, 0.1429, 0, 1.8489, 0, 4.8944, 0.45, 2.7488, 0.8667, 0.1667, 2.8135, 1.7278, 0.6833, 1.8333, 0.1429, 1.0547, 0.854, 0.1667, 0.3111, 0.3, 2.0833, 1.3194, 1.05, 0.2679, 0.2576, 1.6611, 4.0833, 0.5679, 1.3873, 2.7536, 0.3333, 0, 0.8667, 0, 3.269, 8.3042, 1.8595, 0.1742, 1.8509, 2.2806, 1.0833, 0, 0, 0.75, 0.7, 1.7095, 0.8095, 0.3333, 0.2857, 1.7, 0, 4.3179, 1.0747, 0.1667, 0, 0.0833, 0.35, 0.5833, 0.75, 0.2262, 0.6104, 0, 0.125, 0.3929, 1.5393, 0.25, 0.5, 1.8179, 0, 0.8262, 0.5, 0.325, 0.3333, 0.3333, 0.25, 1.3361, 1.0833, 0.9524, 0.5, 0.125, 0.0909, 0.35, 1.575, 0.0667, 1.2429, 0, 0.3333, 0, 0.9417, 0.5389, 2.1937, 0.25, 0.5, 0.1111, 0.4762, 0.5429, 3.6166, 0.6108, 0.825, 0.4167, 0, 0.125, 1.3111, 1.4, 0.7139, 1.1206, 0.0667, 0.6, 1.5095, 0, 0.0833, 1.6944, 0.3929, 0, 0.5, 0.3857, 1.0409, 0.9762, 0.5833, 0.5531, 0, 0.1, 1.6111, 5.9897, 0.75, 0, 0.7857, 0, 0, 0.8333, 0, 0, 0, 1.8429, 0.2833, 0.3333, 3.3639, 0.3333, 0.5833, 0, 0.1667, 0, 0.2, 1.0917, 0, 1.3227, 0.0667, 0.1667, 0.0667], [25.4538, 23.4257, 8.0148, 7.8326, 7.4269, 1.6091, 1.8825, 8.5103, 12.7229, 10.133, 3.8967, 11.9639, 8.679, 137.6408, 4.8588, 11.7655, 3.354, 26.8865, 2.7734, 4.3583, 3.6084, 9.915, 16.8728, 4.6983, 4.4563, 7.5195, 1.5161, 0.6762, 3.6968, 1.1595, 15.6766, 2.2974, 4.2225, 2.954, 1.6286, 6.1326, 1.5242, 1.204, 4.1155, 9.8623, 3.2488, 0.9429, 1.9611, 5.2712, 1.7762, 6.037, 9.9931, 0.1429, 0.4762, 1.7708, 1.0651, 0.325, 1.5385, 3.8706, 1.7, 0.5, 1.7119, 1.8262, 3.3076, 2.9151, 4.881, 1.4913, 0.6583, 1.5123, 1.1123, 0.3651, 4.0024, 1.05, 0.4167, 1.5357, 4.7432, 3.8758, 0.8194, 1.7659, 4.272, 0, 2.5697, 1.9125, 0.0833, 1.8909, 0.2917, 0.5333, 0.325, 1.6381, 0.3333, 3.2556, 2.0194, 0.4167, 6.4263, 2.6147, 2.2278, 0.7111, 2.4738, 1.2167, 0.2917, 0.8762, 1.7929, 7.535, 0.5417, 3.7987, 1.1028, 5.9242, 0, 3.6635, 3.3548, 2.4769, 2.2866, 1.8012, 2.3159, 3.0512, 0.7361, 0.9, 1.6202, 0.2, 0.902, 3.4278, 1.3667, 6.4386, 1.1151, 1.3778, 0.3333, 2.6104, 2.5394, 0.3, 0.8269, 1.804, 0, 0.4167, 0.8667, 0.6444, 0.2262, 0.8111, 1.6083, 1.0666, 0.5595, 1.7302, 3.9477, 0.6944, 1.4464, 0, 0.4444, 2.4095, 1.254, 5.294, 0.3095, 2.1111, 0.9762, 1.5095, 0.1429, 0.2, 0.9167, 0.3576, 1.0714, 0.3429, 0.1667, 0.5354, 1.6333, 4.6345, 4.044, 0.6429, 1.3512, 1.8373, 0.1667, 2.3651, 0.3651, 0.35, 2.0139, 1.3583, 0.1667, 0, 0.2679, 0.6131, 1.5667, 1.3333, 4.3347, 1.1167, 3.1123, 0.4167, 0, 0, 1.0, 1.1028, 0.1429, 0.3667, 3.6024, 0.6936, 0.8012, 0.0833, 1.7345, 0.25, 3.1925, 1.4444, 0, 0.5417, 0.125, 1.8845, 0.1429, 5.102, 2.2972, 0.454, 0.3111, 0.2917, 1.2262, 0.6429, 0.779, 2.1611, 0.1, 1.0, 1.2159, 0.3929, 0.3333, 0, 1.6583, 0.25, 0.9436, 3.4956, 0.1429, 0, 1.7861, 1.577, 0.9353, 0.4583, 0.4611, 1.0667, 0.9595, 0.1111, 1.7357, 0, 0.1667, 0.9095, 0.4338, 0.3333, 0.1429, 0, 0.9778, 1.6885, 0.3269, 0.8603, 0, 0.3333, 0.525, 1.4792, 0, 0.6667, 0.3333, 0.3333, 0.25, 0.379, 0, 0.8179, 1.3679, 0, 4.7857, 0, 0, 0.725], [5.8116, 1.7112, 7.2626, 43.669, 1.5626, 0.6778, 0.6679, 0.8523, 1.7339, 1.5917, 4.3768, 13.0663, 0.7519, 4.8588, 119.651, 0.7111, 2.8591, 5.047, 0.125, 1.0111, 3.0163, 13.6478, 0.2054, 2.0324, 0.5317, 20.9655, 5.5876, 0.3429, 1.3869, 0, 1.004, 23.5244, 0.761, 79.1, 0.5929, 2.2988, 1.0448, 2.8917, 3.6933, 1.2262, 0, 0.4345, 2.054, 2.2478, 4.2718, 2.619, 1.6681, 0, 0, 0.2625, 0.2679, 0.5214, 2.1885, 1.3333, 16.9095, 0, 0.1667, 1.0278, 0.1429, 0.125, 2.6298, 4.1802, 0, 15.0142, 0.3448, 0.1111, 1.4433, 0.0769, 0.8278, 2.4, 2.0186, 0.25, 0.8032, 0.6444, 1.8331, 0.2, 4.0483, 1.7569, 0.9179, 0.1667, 0, 0.1667, 0.7833, 0.1667, 1.2083, 0, 0, 0.25, 0.6357, 0.8333, 0.1818, 0.5, 0.7659, 0.7833, 0.5833, 0, 1.9679, 0, 0, 0.4455, 0.4583, 0.0909, 0.45, 0.8667, 1.2028, 1.6864, 0.7345, 0.55, 0.8429, 0.4333, 0.2769, 0, 0.7917, 0.2262, 0.2, 3.8917, 2.3194, 0.3611, 0.0769, 32.2774, 0.3667, 0.758, 8.6719, 0, 6.292, 2.229, 0, 0, 0, 0.125, 1.2202, 0.4444, 0, 2.521, 0, 0.6111, 0.125, 1.0727, 2.2297, 2.0833, 0.8373, 0.2769, 0.1667, 0, 0.1111, 0.8178, 1.1667, 0.1667, 0, 0, 0.454, 0.2, 0.9103, 0.0833, 0, 0.0833, 0.8333, 0, 0, 0.1429, 0, 0, 2.3194, 0, 1.0417, 0, 0.5178, 1.0373, 0.1111, 0.6786, 0.575, 0, 0.1667, 0.0909, 1.3653, 2.3194, 0, 0.7361, 1.2603, 0.3333, 0.1667, 0, 0, 0, 0, 0.963, 0.3449, 0.1111, 1.7769, 0.1111, 0.0909, 0.6917, 0, 0, 0.2, 0, 0.1667, 0, 0.6111, 0, 1.25, 0.3742, 1.3449, 0.2678, 0, 0.1667, 0.1667, 0, 1.4103, 1.7917, 0.4167, 0.4167, 0.3095, 0.1429, 0.1769, 0.1111, 0, 0, 1.0, 1.0509, 0.4178, 0.6667, 0, 0.1667, 1.0, 0.6667, 0.5214, 0.25, 0.8854, 1.275, 0.1667, 0, 0.1429, 0.5769, 0.1429, 0, 0.313, 2.6543, 0, 0, 0, 0.0625, 0.3333, 0.2, 1.3583, 3.8103, 0, 0.65, 0, 0.875, 0, 0.5, 0, 0, 0.25, 8.8123], [13.8161, 22.4787, 5.2765, 4.8333, 9.9846, 1.9964, 1.554, 7.5628, 9.9302, 8.6324, 1.3476, 9.8727, 9.8183, 11.7655, 0.7111, 132.1722, 3.978, 9.6247, 4.2269, 6.0929, 5.7298, 8.5492, 8.2893, 2.3008, 5.6155, 4.3441, 1.7722, 0.4929, 1.0254, 4.2516, 1.2004, 0.6944, 1.7599, 1.3333, 2.6462, 2.8955, 1.6367, 3.4778, 2.4246, 8.9223, 3.475, 0.7615, 1.7909, 2.7865, 2.9444, 1.7024, 5.3461, 0.7436, 0.4742, 2.519, 0.7567, 0, 1.7944, 10.1814, 0.1111, 2.675, 1.9838, 1.954, 3.9905, 8.1314, 2.1528, 3.0845, 8.3947, 1.0095, 0.325, 0.7278, 1.4286, 2.1961, 1.8857, 0.5667, 2.1123, 3.5671, 0.7671, 1.01, 3.4079, 1.9333, 0.0667, 1.8504, 9.9489, 2.4567, 1.7747, 1.8929, 0.5449, 0.1742, 1.5357, 3.2429, 0.9206, 0.9103, 0.5248, 0.1429, 2.0076, 0.5762, 3.6333, 0.825, 7.0512, 4.5187, 0.4762, 7.3754, 1.0215, 1.177, 7.0084, 3.2706, 1.0548, 0.8607, 0.6667, 1.3492, 11.0564, 1.1429, 0.2833, 1.0, 0.45, 2.2859, 4.2524, 0.7, 2.4326, 1.604, 0.8778, 30.7123, 0.254, 0.1667, 0.3095, 0.625, 0.5222, 4.6252, 0.7278, 0.9714, 0.2, 0, 1.202, 1.8389, 0.5069, 0.0909, 1.3242, 0.6567, 9.5933, 1.5833, 2.9973, 2.0278, 0, 0.8762, 1.2833, 1.8929, 1.6738, 9.3714, 0.1548, 0.6857, 0.6167, 0.7, 0.2361, 2.6603, 3.25, 2.7532, 0, 0.2576, 0, 3.2579, 1.1345, 0.6921, 1.0829, 0.8714, 2.0949, 1.8944, 0.0833, 0.3679, 0.9722, 0.3889, 1.129, 0.2854, 0.5429, 0.7, 0.5333, 2.0131, 1.5333, 0.7857, 2.3313, 0.3778, 1.3262, 1.7929, 0.9095, 1.1381, 0.6187, 0.3373, 3.7333, 0.4762, 3.9554, 0.125, 0.1667, 0.5833, 3.9766, 0, 1.8163, 1.1833, 0.2, 0, 0.2338, 9.0683, 0.1667, 1.8825, 0.0833, 0.1429, 1.5429, 0.1667, 0.8444, 0.754, 0.3409, 2.1111, 0.6012, 0.0909, 0.725, 1.2, 0.6667, 0.0714, 2.0262, 0, 0, 0.8667, 0.0909, 0, 1.5548, 0.2083, 0.375, 0, 0.8607, 0.1667, 0.6762, 0, 0.5, 0, 1.6944, 0.375, 0.4206, 0.2, 0.0909, 0.1429, 0, 2.0929, 0.2, 0.5333, 0.2, 0, 3.2671, 1.0873, 0.3333, 1.3711, 0.1667, 2.0194, 0, 0.1429, 1.2, 0, 0.1667, 0, 0.575, 0.2769, 0.1667, 0], [5.1653, 15.7782, 0.1736, 6.9956, 13.5024, 2.0694, 0.1111, 7.3655, 4.2318, 0.6653, 13.8461, 0.8694, 2.9611, 3.354, 2.8591, 3.978, 119.3899, 7.7385, 6.2912, 5.5429, 0.6095, 5.1575, 5.3667, 6.4639, 0.9139, 0.658, 7.0885, 0, 1.3429, 10.6294, 0.25, 2.5052, 7.5294, 0.3968, 1.0292, 1.1042, 1.9014, 0.6762, 0.55, 5.1333, 7.1421, 0, 3.4167, 0.5833, 11.4631, 0.8429, 6.748, 0, 0.8333, 2.7417, 0, 0.2778, 0.35, 2.9833, 0, 3.5298, 0, 14.3175, 7.5313, 0.0909, 0.125, 0.2857, 0.0625, 0, 1.325, 0.1111, 1.8111, 1.3909, 0.8333, 0, 1.25, 0.2, 0.6833, 0, 4.3361, 0.5333, 0.5833, 0.0909, 2.4167, 0.5069, 0.8333, 1.3115, 8.2393, 0.3, 5.4536, 5.7469, 0.9, 0.5833, 0.5125, 0, 0.1667, 4.1449, 2.5944, 0.875, 4.3, 0.3333, 2.3611, 1.25, 3.6652, 0.3333, 1.3611, 1.0, 0.7778, 0.8333, 0, 1.4512, 0, 26.1421, 0, 23.8448, 0.2159, 0.3958, 0.6, 0.9167, 0.2778, 0.9028, 6.1147, 0.7756, 0, 0.6012, 0.3333, 0.125, 2.5218, 0.0625, 0, 0.7667, 0, 0.625, 0.5409, 1.4179, 11.6839, 0.25, 0.1, 0.4, 0.4242, 0, 0.6742, 0, 0, 0, 0.1429, 0.25, 0.3449, 0.6429, 0, 0, 1.6917, 2.2833, 0, 0.1111, 0.1, 0.3333, 1.8095, 0.3333, 0, 0.2, 0, 2.858, 0.3429, 0.1111, 2.4675, 0, 0.125, 0, 0, 0.8417, 0.8778, 0, 1.0, 0.2917, 0.25, 0.2778, 2.8583, 0.5833, 0.5345, 4.1552, 0.125, 0.5, 0.7, 0.1, 0, 0.4, 0.1667, 0.3333, 0.0625, 0.45, 1.1762, 0, 0.2, 0, 0.2917, 0.2917, 0, 0, 0, 0.658, 2.0004, 0.1111, 0, 0, 0, 0, 0.3333, 0, 0.2159, 0.9444, 0, 0.5, 0.5, 1.1667, 6.2167, 1.7583, 3.6929, 0, 0.45, 0.25, 0, 0.8111, 0.6028, 0, 0.2, 0, 1.9893, 0.6167, 0.3333, 0, 0, 5.2, 0, 1.3012, 0, 0, 0, 3.1262, 0, 0, 0.1667, 0, 0, 0.2, 3.5171, 2.1833, 3.8429, 0, 0, 0.1667, 0, 0, 0, 17.9675, 0.1667, 0.25, 0, 3.704, 0, 0], [31.2661, 14.8012, 11.5249, 5.6208, 5.7706, 2.0115, 1.6028, 9.0206, 6.3158, 9.967, 3.3038, 4.9548, 6.9325, 26.8865, 5.047, 9.6247, 7.7385, 124.5534, 4.244, 6.8623, 5.3957, 26.0756, 3.0274, 6.0735, 4.7354, 8.4845, 2.0047, 0.3667, 0.7472, 1.4603, 6.6468, 1.6936, 3.2492, 3.3333, 1.8976, 11.0897, 1.5071, 1.7536, 3.5607, 9.608, 2.0222, 0.25, 0.7806, 1.7401, 1.8512, 3.4127, 2.7044, 0.9762, 0.3667, 3.3667, 0.2917, 0.9519, 0.3361, 2.0754, 0.6806, 1.6262, 3.2437, 1.2778, 2.5429, 3.9754, 1.202, 2.3012, 1.4667, 3.4205, 1.0595, 0.1111, 1.3984, 1.1976, 1.8345, 1.5548, 0.7595, 2.8206, 2.4083, 0.619, 2.4619, 0.5103, 1.8888, 0.85, 0.2686, 0.7028, 0.4103, 0.8556, 1.7762, 0.8921, 1.879, 2.0694, 1.2881, 0.3429, 6.7499, 0.85, 1.0, 1.0778, 1.4253, 0.9833, 1.775, 0.1667, 0.9357, 1.5778, 1.531, 5.244, 1.6694, 0.75, 1.244, 1.6857, 2.2465, 7.2631, 1.8357, 6.354, 0.3778, 5.4956, 1.4909, 0.1667, 1.8298, 1.15, 1.4114, 1.2798, 0.95, 3.7402, 2.9622, 0.1429, 1.4917, 0.8354, 7.0138, 0.9667, 2.3686, 3.0762, 0.75, 2.2333, 0.125, 1.3024, 1.9635, 0.6611, 1.8706, 0.6269, 0.375, 1.7095, 0.527, 0.125, 0.8769, 1.8778, 1.4917, 1.792, 0.6317, 1.8167, 0.3929, 0.4686, 4.085, 2.9194, 0, 0.1111, 2.45, 1.9262, 0.6364, 0.3929, 0.188, 0.5766, 0.1429, 1.0333, 2.0762, 0.1429, 1.0333, 0, 1.0, 0.9769, 0.7456, 0.4667, 1.9893, 0.8667, 0.3333, 0, 0.7262, 0.354, 8.3083, 0.25, 1.0274, 0.75, 2.044, 0.25, 0.9531, 4.0679, 0.125, 0.4381, 0.3679, 2.075, 0.5095, 1.7028, 0.5357, 0.1111, 0.8031, 0.3333, 1.5254, 1.8492, 0, 1.6282, 0, 1.0345, 0.2222, 1.0373, 0.25, 0.9019, 0.625, 0.2159, 0.7917, 0.8595, 1.3798, 0.4444, 0.2, 0, 1.3031, 0.9028, 1.0456, 3.06, 1.25, 0.2667, 0.25, 1.05, 0, 0.4937, 0.3929, 0.4687, 1.8595, 2.625, 0.2361, 2.5167, 0.7595, 0, 1.3976, 1.6083, 0, 0.9167, 1.1456, 0.5, 0, 0, 1.0333, 0.7357, 0, 0.8603, 0.25, 0.1825, 0.5333, 0.85, 0.45, 0.3333, 0.925, 0.4103, 0, 0.1429, 0, 2.6694, 1.1063, 0.2, 1.1524, 0.4, 0.1667, 0], [5.3141, 11.3188, 3.222, 0.9167, 15.3635, 1.2703, 1.1238, 14.5362, 5.7441, 2.4403, 10.5723, 1.0429, 7.2484, 2.7734, 0.125, 4.2269, 6.2912, 4.244, 108.5693, 2.1083, 2.6397, 3.694, 4.285, 1.5107, 4.1179, 3.5504, 1.5833, 1.9921, 0.6433, 38.7228, 0.6429, 2.2, 0.8107, 0.2159, 1.1081, 0.672, 2.3245, 18.3647, 1.1778, 1.4667, 8.8521, 0.6159, 1.4433, 0.4338, 4.1706, 0.8956, 3.8595, 0.5298, 0.0714, 1.1326, 0.3937, 0.2333, 0.0667, 1.2, 0, 0.9727, 0, 2.0929, 3.7175, 0.5095, 0.5, 1.0, 0.5625, 0, 0.25, 0.3, 1.3667, 2.0549, 0.7667, 0, 1.1623, 3.3135, 1.2, 0, 3.7039, 0.6429, 0.2857, 0.375, 1.977, 1.9225, 2.8608, 2.86, 0.6345, 2.8583, 3.7139, 3.6454, 0.325, 0.3429, 1.0514, 0.5, 0.8302, 34.1053, 1.5019, 1.5, 5.6753, 0.2, 1.4, 5.0647, 8.5458, 0.4679, 0.8694, 1.2429, 0.3269, 1.2897, 0.125, 0.375, 0.8171, 0.5095, 0.5, 0.5095, 0.4485, 0.5958, 0.4917, 1.0111, 1.1095, 0.5802, 1.3333, 2.0526, 0.3611, 0.1429, 0, 0, 0.325, 0.3625, 0.125, 0.5, 0.7667, 0, 1.9505, 11.9416, 1.2478, 0.0909, 2.2929, 1.1167, 0, 1.3361, 3.8465, 0.1429, 0, 0, 0, 1.2, 3.2405, 1.95, 0.1623, 0.3333, 0.95, 0, 0, 0, 1.0, 1.875, 0.8429, 0.5167, 0, 0.2429, 1.2333, 1.4377, 1.4095, 0.5968, 3.2429, 0.8929, 0.5, 0.3333, 0, 1.6984, 0.1111, 0, 0, 0.5, 0.6583, 0.8611, 0, 0.375, 1.0095, 0.1667, 0.3429, 0, 0.8833, 0, 1.5254, 0.125, 0.2, 0.1429, 0.0625, 0.2679, 1.1111, 0.3631, 0, 0.5179, 1.45, 0.7778, 0, 0, 0.125, 1.4861, 4.5211, 0, 0.5, 0, 0, 0, 1.2595, 0.1429, 0.3485, 2.4762, 1.2381, 0, 0, 0.6, 0.2, 0.2, 0.8198, 0.0667, 0, 0.1429, 0, 0.1111, 3.0798, 0, 0.2159, 0, 0.7719, 0.4, 0.2917, 0.6833, 0, 1.2269, 0, 0.4167, 0.7679, 0.3429, 0.3778, 0, 0.4333, 0.5373, 2.5607, 0, 1.0714, 0.2917, 1.3031, 0.2, 2.6167, 0.504, 0.3333, 3.5512, 0, 0.5, 0.1667, 0.3095, 0.2, 0, 0, 0.3333, 0.1, 0.0667], [7.0086, 7.8102, 1.3706, 1.4278, 2.3158, 3.0512, 0.6595, 1.45, 2.3824, 5.1725, 7.25, 5.8583, 1.375, 4.3583, 1.0111, 6.0929, 5.5429, 6.8623, 2.1083, 115.4958, 0, 2.9179, 0.9935, 2.5, 21.9179, 1.3313, 4.9583, 0.5595, 3.0209, 2.5278, 0.6111, 2.5, 0.3333, 0.7713, 1.0172, 1.2986, 5.0457, 2.4917, 0.3755, 5.8429, 3.4766, 0.5, 3.8484, 0.9706, 5.1679, 0, 1.1762, 0.1667, 0.1, 2.7352, 0.5179, 2.4583, 5.8411, 3.622, 0, 4.8778, 10.6929, 0.925, 1.2512, 4.1625, 5.8762, 2.3333, 0.25, 0.1667, 1.5, 0.4167, 6.6583, 1.4381, 0.6583, 3.5024, 0.3028, 0.9, 0.85, 1.5, 0.7083, 0.575, 3.8929, 0.675, 0.25, 4.01, 4.1167, 0.7, 0.3333, 3.6583, 0.9417, 2.0179, 4.1504, 0.75, 0.85, 0.8333, 1.375, 2.5278, 1.275, 6.6333, 1.8929, 0.4088, 2.825, 0.2, 0.4583, 5.0179, 0.8333, 0, 4.5333, 0.25, 0.0625, 1.9417, 2.225, 0.9, 0.6429, 0.7, 0, 0.8095, 2.5, 2.7833, 0, 0.1, 0.3909, 0.325, 0, 0.1, 0.5, 3.5929, 0.125, 0.25, 1.7679, 0.5583, 2.4922, 5.6429, 1.7922, 0.7357, 0.8429, 1.4167, 0.5, 1.2672, 0.125, 0, 2.4159, 1.4762, 0, 0.4583, 1.1429, 0.1909, 0.1429, 0.3333, 0, 0, 0, 4.5833, 0.1, 0, 0, 1.4679, 2.125, 0.8333, 1.625, 0.7, 0.6671, 0, 0, 2.2357, 0, 0, 0, 0, 0.9333, 1.1667, 0, 0, 0.2, 0.3505, 0, 1.4123, 1.25, 0, 0, 0.1, 10.4024, 0.6, 1.4167, 0, 3.0833, 1.9345, 0, 1.2333, 0, 9.0575, 0, 0.1667, 0.7, 1.875, 0.25, 1.2, 0.4333, 0.3333, 0, 0, 0.5333, 0.125, 0, 0, 0.375, 0.25, 1.4679, 0, 0.1, 1.3333, 0.1838, 0, 0, 2.6458, 3.0, 1.5, 0.45, 2.0333, 0, 0.3333, 0, 0, 0.1, 1.9595, 7.7107, 0.75, 0.5, 0.2, 1.0, 0.2, 1.9444, 0.5833, 2.75, 0.125, 0.25, 0, 0, 0.8667, 0, 0, 0.6667, 1.2625, 0, 0.9937, 0, 0.3333, 1.8095, 0, 0.75, 0, 0, 0, 0.3333, 0.2, 0, 1.4, 0.7357, 0.9, 0, 0], [31.7259, 1.0333, 25.8482, 2.2913, 1.9116, 0.5873, 0.1111, 2.8528, 1.8183, 19.5195, 1.2016, 5.4873, 4.0648, 3.6084, 3.0163, 5.7298, 0.6095, 5.3957, 2.6397, 0, 103.9356, 8.6481, 2.6206, 1.3504, 8.6405, 22.744, 1.2595, 0, 0.2017, 0, 7.6716, 1.1838, 1.0433, 0.1667, 0.4484, 4.3934, 0.9226, 2.7889, 8.227, 0.3611, 1.1802, 0.0833, 0.1429, 0.6838, 0, 9.0834, 1.0206, 0, 0.25, 0.0588, 0, 0.325, 0.1111, 0.677, 2.1806, 0.2553, 0, 0.5095, 2.4119, 1.3365, 0.0833, 1.1528, 0.5929, 1.3024, 1.0595, 0.3611, 0.375, 1.5837, 10.75, 5.1357, 0.125, 2.4937, 0.7857, 1.1111, 0.4167, 5.8357, 0.7532, 0.1667, 0.9083, 0.4742, 0.5172, 2.1679, 0, 0, 0.4583, 0.1111, 0.4778, 0.25, 5.0568, 1.9706, 1.2635, 0.1111, 0.8968, 0.1429, 0, 0.25, 0.7667, 0.2679, 0.6667, 0.8159, 0.3333, 2.8373, 0.9444, 4.7869, 8.2001, 0.875, 1.9909, 0, 0, 0, 1.3961, 0.1111, 7.1274, 0.4833, 0.7111, 0.2, 0, 0.9306, 7.5056, 0.2262, 3.65, 0.0833, 4.9964, 0.254, 0.25, 0.3929, 0, 0.25, 0, 0.8167, 0, 0.4, 3.2155, 0.4206, 1.619, 26.3913, 0.704, 0.125, 1.8123, 2.2667, 0.4583, 0.75, 0.4795, 0, 0.0714, 1.0093, 1.2, 0.0833, 0, 0, 2.1762, 0.4444, 0.8333, 1.3333, 0, 0.3171, 0.7, 1.9524, 0.452, 0.0714, 6.1647, 0.2, 0.5833, 1.3429, 1.7917, 0.0909, 0.9, 2.0972, 0, 0, 0, 0.0833, 0, 0, 0.2429, 0, 0, 0.25, 0.5833, 1.5095, 0, 0, 2.4524, 0.1667, 0, 0, 0.1111, 0, 0, 4.119, 0.7667, 0.6, 0, 0.7278, 0, 1.9917, 1.1873, 1.9464, 0.0833, 0.6952, 0.6528, 0.5, 0.375, 0.9206, 0.8461, 0, 1.4929, 0, 0.8667, 0.0909, 0, 0.1667, 0.0833, 0, 0, 10.1302, 0, 0.0833, 0.9167, 0, 0.2, 0.4762, 0.1111, 0.5576, 0, 0.1111, 3.6262, 0, 0, 0.1, 0.4937, 0.25, 0, 0.6429, 3.369, 0, 0, 0, 0, 0.125, 0.5762, 0.0833, 0, 1.0762, 2.9667, 1.0833, 0, 1.1167, 0, 0, 0, 1.6667, 0.625, 0.2, 0, 0], [14.5143, 8.804, 15.2357, 34.432, 5.7956, 0.7179, 1.0929, 4.4956, 6.8524, 4.5921, 11.4428, 4.773, 6.5631, 9.915, 13.6478, 8.5492, 5.1575, 26.0756, 3.694, 2.9179, 8.6481, 138.7478, 5.2754, 3.7203, 9.3842, 8.6321, 10.6332, 0, 1.7115, 2.6885, 1.2512, 18.071, 3.4601, 7.4032, 2.0429, 2.3464, 1.8107, 2.5385, 4.5401, 1.6702, 3.6984, 0, 1.6742, 2.9503, 2.3278, 3.7873, 3.8119, 0.8095, 0.1667, 1.8242, 0, 0.2917, 1.7095, 4.6318, 2.1484, 0.9171, 5.619, 1.9012, 6.9869, 1.1111, 1.45, 3.2095, 3.3095, 4.444, 0.4762, 0.75, 2.0762, 1.2662, 13.7715, 6.8798, 1.8241, 3.1206, 1.3706, 1.3373, 3.1206, 3.8333, 6.3615, 4.3262, 6.1167, 0.7976, 1.1083, 0.4222, 1.0857, 1.9524, 4.1512, 1.5945, 0.9111, 0.6679, 2.3889, 1.8266, 2.6365, 2.7373, 4.5938, 0.7083, 0.2857, 1.6429, 4.169, 2.1338, 1.3111, 5.1294, 4.4421, 3.0806, 1.2833, 3.0067, 2.9317, 1.0864, 1.8028, 1.6897, 0.1111, 1.5802, 1.3861, 1.0833, 1.7385, 0.9917, 1.5262, 7.1639, 1.0595, 1.4357, 1.9464, 2.5921, 0.7083, 0.2222, 6.3122, 1.6179, 7.8325, 0.95, 1.125, 0.5833, 0.25, 3.5774, 2.5036, 1.2333, 3.7115, 2.8015, 1.1667, 1.8024, 2.5945, 2.0, 2.5297, 5.5119, 1.7262, 0.5269, 0.5079, 1.3667, 0.3254, 1.1837, 0.3929, 1.3095, 0, 0, 4.05, 2.55, 1.5864, 1.0611, 0.2917, 0.4338, 0.2, 0.1, 0.7909, 0.3393, 0.6, 2.119, 0.3611, 0.2361, 0.2917, 0.2909, 1.2036, 2.4024, 0.4444, 0.6667, 0, 0.5278, 0.75, 0.6326, 1.3095, 1.0595, 0.125, 0.7778, 0.6698, 0.4762, 0.1111, 0.4444, 0.8667, 1.4333, 0.2917, 0.3547, 1.6861, 0.3333, 0.8126, 0.1667, 0.8338, 1.4611, 0.25, 0.7262, 0, 0.375, 0.1, 0.7981, 0, 0.2, 1.069, 0, 2.6738, 0.2769, 0.8111, 0.6667, 0.525, 0, 0.2769, 0.0909, 0.2262, 0.25, 0.6667, 0.3333, 2.0333, 0.7722, 0, 0.125, 0.75, 0.1111, 0.4206, 0, 0.4679, 1.0917, 0.9083, 0, 1.4019, 0.825, 0.2778, 0.3333, 0.6, 0.3333, 0, 0.5179, 0.6667, 0.7456, 0, 3.046, 0.3333, 0, 0.4095, 1.902, 0.25, 0.8194, 0.8992, 2.1603, 0.5, 0.8583, 0, 0.5111, 1.7774, 0, 0.1429, 0.8667, 0, 0.6111], [5.091, 4.1382, 0.2111, 0.2054, 1.4348, 0.1, 0.3333, 2.3626, 2.1247, 0.6324, 2.66, 5.325, 0.7512, 16.8728, 0.2054, 8.2893, 5.3667, 3.0274, 4.285, 0.9935, 2.6206, 5.2754, 130.2028, 1.8958, 3.3095, 1.3667, 0.625, 0, 1.0217, 0.1778, 1.7152, 2.1167, 0