[[1610.55, 98.55, 308.35, 41.15, 38.45, 16.45, 9.55, 34.55, 61.6, 303.55, 38.25, 96.5, 289.9, 110.75, 41.45, 61.1, 23.25, 137.1, 29.5, 32.4, 138.85, 79.25, 30.85, 16.7, 42.75, 95.35, 30.9, 0, 43.1, 10.95, 195.8, 29.85, 17.25, 17.55, 19.2, 207.05, 35.7, 31.7, 59.9, 23.6, 14.9, 8.3, 21.5, 22.8, 8.55, 68.05, 35.9, 2.1, 3.6, 33.25, 6.25, 37.0, 25.05, 29.4, 39.65, 17.7, 10.8, 19.5, 24.05, 38.35, 23.55, 21.35, 5.5, 48.0, 29.35, 3.35, 34.75, 15.8, 57.15, 51.9, 10.2, 97.1, 20.0, 4.0, 21.05, 34.35, 21.35, 9.95, 23.4, 21.7, 13.85, 10.5, 13.35, 6.45, 5.7, 19.0, 4.85, 21.15, 103.25, 17.7, 67.4, 3.05, 30.15, 36.25, 6.1, 4.5, 13.85, 15.35, 4.95, 19.1, 21.5, 7.35, 20.0, 30.85, 66.35, 65.3, 26.6, 3.35, 14.45, 3.1, 40.4, 3.25, 31.2, 27.6, 26.3, 9.2, 4.05, 18.8, 42.2, 5.35, 43.05, 9.85, 33.4, 6.5, 7.5, 22.7, 8.25, 27.45, 6.9, 10.0, 9.35, 19.45, 16.35, 25.7, 18.6, 31.45, 18.7, 16.25, 19.05, 14.75, 15.3, 22.0, 26.6, 7.6, 17.0, 41.15, 31.65, 8.2, 1.0, 1.0, 8.1, 10.8, 11.6, 8.55, 13.85, 16.9, 10.7, 1.25, 18.75, 12.95, 2.25, 0.8, 23.25, 24.35, 8.15, 5.45, 15.55, 19.2, 3.35, 6.65, 4.4, 9.55, 9.8, 8.65, 25.35, 1.8, 12.25, 11.8, 15.05, 19.55, 5.65, 1.25, 10.3, 6.45, 3.25, 15.8, 9.75, 1.0, 10.95, 20.4, 5.25, 11.15, 2.85, 45.9, 1.1, 5.95, 6.15, 19.85, 1.0, 51.3, 5.65, 35.6, 5.7, 59.05, 21.05, 9.1, 5.15, 1.0, 16.05, 7.15, 10.95, 23.15, 8.0, 9.5, 3.35, 20.15, 2.9, 10.6, 5.35, 8.0, 14.6, 4.5, 5.45, 21.35, 10.95, 7.4, 8.95, 2.25, 0, 7.3, 36.35, 4.85, 1.0, 15.5, 13.15, 1.0, 4.75, 6.65, 0, 4.9, 2.9, 8.4, 0, 17.45, 4.05, 13.05, 0, 9.05, 1.0, 3.8, 10.6, 14.45, 8.35, 3.6, 0, 1.25], [98.55, 1381.55, 21.8, 27.65, 39.65, 241.0, 176.45, 26.95, 76.6, 34.05, 77.0, 74.3, 24.0, 72.9, 12.8, 81.1, 49.2, 59.0, 46.8, 37.05, 7.25, 33.7, 26.7, 28.3, 59.65, 18.85, 38.15, 96.4, 92.4, 22.5, 12.35, 24.5, 20.85, 11.95, 90.55, 26.2, 32.45, 41.2, 13.55, 33.7, 17.3, 79.65, 40.75, 26.25, 39.05, 12.65, 33.5, 139.55, 67.2, 30.95, 66.7, 58.3, 24.8, 36.25, 7.6, 34.55, 33.0, 59.2, 22.75, 32.0, 21.3, 22.15, 23.35, 2.5, 51.9, 42.55, 27.45, 20.9, 2.85, 6.25, 10.2, 9.5, 44.55, 38.5, 49.1, 12.85, 15.65, 7.2, 16.0, 23.2, 23.9, 20.5, 33.05, 28.8, 20.6, 33.2, 24.9, 35.55, 12.7, 2.2, 6.85, 9.55, 21.8, 25.55, 5.05, 28.8, 18.15, 4.9, 24.15, 27.35, 14.35, 1.8, 30.3, 9.15, 5.6, 7.95, 9.35, 27.65, 15.8, 22.4, 29.85, 27.6, 13.65, 29.35, 8.25, 4.15, 33.75, 26.35, 1.8, 2.35, 0, 10.2, 1.8, 25.8, 3.15, 11.2, 10.3, 9.45, 19.25, 7.85, 12.0, 15.65, 6.2, 14.35, 11.2, 2.7, 13.8, 8.9, 0.8, 19.0, 16.9, 9.2, 16.8, 33.55, 31.45, 0, 5.8, 5.45, 14.75, 16.8, 15.9, 19.75, 9.0, 15.75, 20.65, 7.35, 10.0, 0, 8.85, 13.4, 0, 0.8, 2.6, 1.8, 15.15, 8.7, 8.45, 1.0, 12.55, 9.0, 24.95, 8.85, 4.4, 1.25, 12.55, 9.85, 25.65, 6.7, 4.1, 0.8, 24.8, 3.2, 9.65, 5.9, 21.15, 5.1, 18.05, 41.15, 13.6, 2.9, 52.05, 11.2, 0.8, 0.8, 12.4, 9.7, 9.05, 4.25, 0.8, 1.6, 9.85, 3.3, 10.7, 1.25, 14.2, 7.95, 4.85, 10.25, 3.25, 9.6, 8.3, 4.05, 6.3, 6.65, 20.0, 1.25, 20.0, 18.0, 17.0, 5.1, 4.45, 3.35, 16.3, 3.15, 5.95, 24.1, 1.0, 4.3, 9.2, 16.05, 1.0, 17.05, 22.05, 11.15, 1.0, 0, 12.8, 5.85, 44.6, 16.5, 5.7, 5.05, 0.8, 3.05, 1.25, 5.6, 4.0, 8.75, 52.65, 15.7, 7.3, 11.15, 8.05, 13.0, 12.65, 0], [308.35, 21.8, 854.1, 38.35, 18.1, 2.9, 2.0, 16.3, 9.85, 203.05, 8.25, 40.6, 61.15, 45.3, 42.35, 30.9, 2.5, 60.0, 17.9, 6.65, 116.5, 73.45, 2.1, 8.95, 6.55, 102.8, 12.3, 1.0, 4.0, 2.25, 72.7, 7.9, 10.1, 3.75, 14.2, 43.1, 14.9, 8.9, 24.8, 0.8, 8.75, 3.05, 0, 3.05, 2.25, 68.85, 10.25, 5.6, 1.25, 4.8, 1.0, 4.25, 1.8, 7.0, 23.8, 3.25, 3.3, 1.0, 26.5, 15.45, 7.55, 12.35, 7.55, 109.65, 5.9, 0, 4.65, 2.6, 35.45, 27.05, 2.05, 23.2, 13.9, 2.0, 2.85, 21.85, 15.9, 3.3, 9.95, 11.2, 3.85, 7.2, 0, 1.25, 3.6, 8.1, 3.3, 17.05, 55.95, 16.95, 117.05, 2.9, 22.55, 2.8, 0.8, 8.0, 2.25, 1.1, 5.05, 14.4, 8.5, 2.0, 6.0, 27.65, 68.45, 10.2, 39.25, 0, 1.25, 0, 15.95, 8.8, 22.5, 4.95, 89.7, 8.6, 2.5, 12.5, 50.95, 1.25, 18.3, 1.6, 22.1, 8.2, 5.15, 8.1, 2.25, 9.45, 0, 13.5, 4.25, 7.9, 21.15, 2.05, 12.15, 13.15, 8.4, 2.8, 9.85, 4.7, 2.7, 7.2, 11.0, 1.6, 15.4, 74.95, 8.2, 5.5, 0, 0, 5.25, 11.65, 13.25, 6.6, 0.8, 10.2, 1.8, 2.5, 0, 2.5, 2.05, 1.9, 16.2, 11.2, 3.05, 0, 3.9, 17.8, 0.8, 1.0, 0, 6.25, 6.7, 2.8, 3.3, 0, 8.6, 6.6, 7.25, 7.75, 0, 0.8, 5.25, 4.6, 2.85, 2.05, 1.0, 3.05, 3.05, 18.3, 4.65, 7.0, 1.25, 7.65, 0, 0, 4.1, 15.65, 0.8, 6.15, 5.6, 2.7, 3.8, 13.9, 10.9, 3.5, 4.0, 0, 56.5, 3.05, 1.25, 3.35, 5.95, 1.1, 1.1, 20.4, 0, 1.25, 5.05, 1.9, 1.6, 1.8, 1.1, 13.5, 6.6, 0, 22.65, 1.0, 0.8, 1.6, 12.3, 2.05, 1.0, 6.3, 31.35, 1.1, 0, 0, 2.1, 0, 2.35, 6.35, 0, 22.75, 10.2, 11.9, 1.0, 4.95, 1.0, 1.0, 3.5, 6.8, 0.8, 2.25, 0, 0], [41.15, 27.65, 38.35, 760.7, 10.45, 2.05, 8.3, 5.4, 155.65, 11.05, 46.7, 116.35, 8.0, 32.35, 193.3, 17.55, 25.4, 35.05, 4.35, 6.3, 14.0, 119.2, 1.8, 23.45, 4.95, 76.15, 51.2, 3.05, 21.4, 1.1, 5.75, 36.3, 10.7, 13.2, 5.3, 9.55, 10.1, 21.4, 28.8, 13.85, 6.9, 5.1, 9.75, 12.0, 15.65, 8.2, 16.1, 1.0, 0, 4.5, 4.95, 2.6, 5.75, 17.95, 37.35, 1.0, 4.3, 18.3, 0.8, 6.7, 20.4, 25.8, 2.25, 55.95, 5.5, 3.95, 5.8, 2.9, 10.1, 6.5, 9.75, 0.8, 6.3, 3.25, 12.7, 2.8, 34.25, 121.35, 7.15, 2.2, 1.9, 2.2, 6.9, 3.7, 7.0, 2.2, 0, 1.6, 5.4, 9.45, 1.8, 2.0, 14.45, 6.15, 6.5, 0, 14.55, 0, 1.0, 7.6, 19.0, 1.0, 4.05, 1.8, 6.65, 9.6, 4.95, 11.1, 6.6, 10.1, 11.6, 0, 3.7, 6.25, 1.25, 32.25, 17.35, 2.05, 0.8, 7.35, 5.65, 10.65, 63.85, 1.0, 38.5, 7.3, 2.35, 1.25, 1.1, 1.25, 10.75, 3.3, 0.8, 5.1, 1.25, 3.85, 1.25, 7.2, 55.5, 16.55, 7.15, 5.55, 2.2, 0, 0.8, 3.9, 1.0, 3.0, 0, 0, 8.35, 1.25, 3.3, 3.35, 1.0, 4.05, 3.8, 0, 1.0, 6.1, 0, 0, 5.25, 2.35, 2.05, 1.25, 3.85, 36.7, 1.9, 5.05, 2.9, 1.0, 2.0, 2.25, 8.6, 17.35, 1.0, 5.55, 5.65, 0, 1.8, 0, 0, 0, 1.0, 9.95, 2.8, 0, 13.05, 0, 1.0, 7.75, 0, 2.6, 2.6, 0, 2.2, 0, 1.1, 0, 12.5, 4.05, 6.15, 4.65, 8.0, 1.9, 1.8, 0, 8.0, 0, 1.25, 1.1, 2.6, 0, 5.9, 4.45, 0, 1.0, 1.0, 10.15, 5.85, 1.8, 1.1, 3.9, 4.0, 3.1, 5.3, 1.6, 10.3, 7.55, 0.8, 3.4, 1.25, 4.3, 1.0, 0, 8.55, 16.4, 0, 1.0, 1.6, 1.0, 9.0, 3.8, 9.8, 8.85, 0, 2.0, 0, 4.15, 1.6, 0, 0, 3.25, 0, 1.0], [38.45, 39.65, 18.1, 10.45, 712.25, 12.55, 2.0, 428.4, 25.4, 23.8, 26.65, 44.55, 14.55, 30.8, 11.0, 49.7, 43.8, 24.25, 63.8, 16.4, 10.3, 25.5, 11.45, 13.5, 62.45, 9.25, 15.4, 0, 21.35, 58.05, 5.7, 15.6, 6.3, 10.5, 7.6, 8.3, 36.65, 16.75, 5.2, 44.9, 52.0, 3.85, 11.85, 11.95, 20.85, 7.4, 29.9, 5.15, 1.0, 11.2, 2.0, 13.35, 11.2, 22.15, 1.0, 22.5, 21.1, 8.8, 14.55, 24.45, 15.05, 11.75, 6.45, 2.35, 6.35, 3.25, 14.7, 23.4, 1.8, 4.1, 2.25, 3.85, 8.0, 1.8, 17.95, 3.8, 11.85, 4.1, 10.7, 24.6, 23.25, 20.75, 7.55, 7.35, 10.15, 23.6, 27.1, 9.3, 4.5, 2.05, 4.35, 20.65, 9.35, 9.35, 22.9, 2.35, 11.1, 43.35, 30.75, 12.15, 12.6, 1.0, 7.65, 8.5, 4.85, 5.0, 12.5, 5.9, 1.9, 5.8, 5.25, 3.5, 12.05, 12.4, 3.3, 15.05, 11.8, 15.1, 1.0, 3.5, 2.8, 3.9, 0, 3.1, 5.35, 4.15, 4.3, 4.25, 7.9, 11.7, 9.2, 5.95, 4.15, 12.85, 4.6, 5.55, 11.45, 3.4, 0, 0, 1.25, 5.05, 11.15, 5.2, 1.0, 1.8, 6.8, 5.9, 0, 0, 9.15, 7.95, 8.65, 4.6, 8.3, 3.1, 13.15, 0, 10.5, 12.95, 1.0, 0, 5.3, 0.8, 13.55, 3.95, 1.8, 0, 1.0, 4.75, 1.25, 15.1, 2.0, 1.1, 9.75, 3.9, 3.1, 1.0, 15.75, 0, 1.6, 19.5, 7.05, 4.9, 2.25, 6.95, 2.0, 3.9, 6.4, 5.15, 0.8, 6.35, 1.6, 0, 0, 11.15, 3.25, 2.0, 0, 0, 1.25, 0, 6.05, 2.05, 7.75, 2.6, 3.35, 0, 2.1, 11.9, 4.3, 1.1, 8.1, 3.35, 4.4, 4.75, 1.0, 2.25, 12.9, 4.15, 5.3, 1.25, 9.2, 2.9, 4.4, 4.15, 1.0, 8.9, 3.65, 1.1, 1.25, 1.0, 0, 5.9, 1.0, 0, 2.25, 3.25, 1.8, 3.2, 5.65, 3.95, 4.15, 1.6, 1.8, 7.85, 0, 1.0, 1.0, 7.9, 5.75, 1.25, 9.3, 2.1, 0, 0], [16.45, 241.0, 2.9, 2.05, 12.55, 713.0, 378.2, 10.8, 9.2, 5.15, 6.95, 17.9, 0, 11.8, 4.6, 12.9, 5.25, 9.9, 10.95, 10.0, 3.9, 3.9, 0.8, 30.6, 3.05, 1.25, 1.1, 141.2, 24.3, 23.2, 1.0, 1.0, 31.65, 2.25, 164.8, 4.25, 12.25, 52.05, 0.8, 1.0, 17.05, 134.1, 4.05, 8.1, 18.6, 6.2, 1.6, 161.75, 112.65, 1.6, 164.2, 46.6, 26.05, 1.1, 0, 5.3, 0, 20.65, 13.0, 1.0, 4.75, 8.35, 17.5, 1.1, 72.35, 95.35, 16.95, 2.5, 2.9, 0, 4.1, 1.9, 34.6, 61.55, 5.6, 0, 2.0, 0, 1.0, 3.5, 1.25, 1.0, 50.0, 0, 4.5, 9.75, 29.25, 26.4, 2.1, 0, 1.0, 2.1, 7.05, 4.8, 0, 19.85, 2.9, 3.15, 6.75, 3.2, 9.6, 0, 34.3, 3.15, 1.0, 0.8, 0, 0, 10.2, 0, 14.75, 34.25, 0, 16.35, 2.25, 6.85, 24.75, 0.8, 0, 1.25, 1.0, 2.05, 3.15, 8.1, 0.8, 2.4, 0, 2.85, 1.0, 3.35, 7.05, 13.75, 0, 2.1, 3.0, 1.1, 3.05, 4.25, 0, 3.2, 6.45, 9.0, 4.5, 10.25, 19.55, 1.1, 0, 2.25, 32.05, 56.8, 0, 6.2, 0, 4.05, 5.9, 0.8, 4.15, 0, 0, 0, 0, 0, 1.0, 0, 9.05, 0, 6.9, 0, 6.2, 2.1, 32.1, 1.25, 0, 0, 0, 0, 2.2, 8.5, 0, 0.8, 30.2, 6.65, 3.25, 8.7, 14.4, 3.25, 0, 30.2, 3.85, 1.25, 2.1, 5.1, 0, 0.8, 31.35, 0, 2.85, 0, 3.85, 0, 2.1, 4.15, 12.65, 0, 14.9, 0, 2.8, 18.3, 0, 1.25, 3.3, 0.8, 0, 5.7, 1.1, 0, 42.9, 15.35, 3.35, 0.8, 1.0, 0, 7.8, 0, 0.8, 21.2, 0, 0, 1.1, 1.0, 0, 28.2, 33.85, 1.25, 0, 0, 3.05, 0, 30.4, 13.1, 0, 4.3, 0, 0, 0, 0, 21.45, 9.4, 20.6, 2.1, 6.4, 9.25, 0, 5.65, 31.15, 0], [9.55, 176.45, 2.0, 8.3, 2.0, 378.2, 711.9, 3.25, 5.85, 3.35, 6.0, 17.45, 2.2, 10.35, 4.6, 9.9, 1.25, 6.0, 7.25, 3.6, 1.0, 4.4, 0.8, 27.4, 0.8, 1.25, 5.3, 238.4, 20.1, 8.5, 1.1, 4.2, 22.3, 1.0, 130.1, 3.35, 6.1, 95.75, 0, 1.0, 4.95, 147.45, 0, 3.05, 29.55, 4.95, 0.8, 93.35, 106.45, 0, 203.15, 20.4, 32.2, 0, 2.25, 3.4, 0, 18.25, 5.5, 1.0, 3.8, 24.5, 19.2, 0, 65.2, 134.8, 6.55, 0, 5.0, 0, 0, 1.8, 39.5, 82.3, 0.8, 0, 7.7, 1.1, 0, 1.25, 1.0, 0, 71.45, 0, 1.0, 6.15, 27.5, 7.7, 3.25, 0, 1.0, 1.1, 2.35, 3.8, 0, 19.4, 3.1, 2.35, 3.0, 4.55, 5.0, 0, 17.85, 4.05, 0, 1.25, 0, 0, 10.35, 0, 7.2, 30.5, 2.1, 13.05, 0, 8.4, 8.15, 1.8, 0, 0, 1.0, 0, 5.5, 8.3, 0, 0, 0, 3.65, 0, 2.05, 5.25, 19.9, 0, 0, 2.0, 0, 0, 7.6, 1.1, 7.9, 10.85, 5.45, 0, 5.0, 9.6, 0, 0, 1.0, 47.4, 64.35, 0, 3.15, 1.0, 3.85, 1.8, 3.85, 0, 0, 0, 0, 0, 0, 0, 0, 18.9, 0, 3.6, 0.8, 10.5, 1.8, 46.25, 0, 0, 0, 0, 0, 0, 20.3, 1.1, 0, 25.75, 3.15, 2.0, 7.9, 9.75, 2.25, 0, 13.85, 0.8, 0, 0, 2.85, 0, 0, 45.7, 0, 1.8, 0, 3.05, 0, 16.15, 4.15, 7.05, 0, 7.3, 0, 1.0, 40.95, 0, 0, 1.1, 1.25, 0, 1.6, 0, 0, 47.95, 12.15, 0, 0.8, 1.25, 0, 5.45, 0, 0, 26.5, 0, 0, 0, 1.0, 0, 18.0, 51.6, 0, 0, 0, 1.1, 0, 24.8, 6.2, 0, 3.85, 0, 0, 0, 0, 41.35, 9.5, 12.05, 0, 5.95, 3.4, 0, 4.75, 45.0, 0], [34.55, 26.95, 16.3, 5.4, 428.4, 10.8, 3.25, 661.5, 20.9, 18.15, 23.1, 44.2, 9.35, 36.7, 7.55, 39.15, 30.7, 33.4, 58.15, 12.05, 10.55, 21.95, 10.9, 16.15, 41.65, 13.5, 11.05, 0, 12.1, 54.3, 1.8, 9.9, 6.1, 7.35, 5.1, 6.2, 43.95, 11.75, 5.1, 39.3, 41.25, 1.6, 9.2, 8.2, 14.55, 6.2, 27.65, 4.15, 2.6, 9.6, 2.0, 15.0, 8.15, 20.0, 1.0, 26.45, 18.5, 11.9, 11.5, 18.05, 11.45, 6.65, 8.3, 1.1, 6.7, 0, 11.2, 23.95, 2.6, 3.65, 5.15, 4.65, 9.6, 1.8, 15.05, 3.25, 12.5, 2.9, 8.55, 20.7, 19.9, 20.95, 3.3, 5.0, 15.0, 20.4, 32.0, 7.05, 4.45, 2.05, 2.25, 32.75, 2.5, 12.0, 24.75, 1.1, 7.25, 36.7, 29.95, 15.25, 15.65, 0, 4.15, 8.7, 4.3, 3.05, 8.15, 3.1, 1.9, 3.9, 6.2, 1.25, 8.45, 13.45, 2.05, 12.95, 9.05, 14.65, 0, 2.25, 3.8, 3.9, 0, 5.15, 2.0, 2.6, 5.35, 6.5, 6.3, 7.75, 6.35, 7.2, 5.4, 9.55, 5.95, 3.3, 8.4, 4.85, 0, 0, 1.25, 2.1, 9.15, 5.65, 2.25, 0, 2.0, 8.1, 0, 1.0, 8.15, 4.65, 8.85, 2.8, 9.1, 2.25, 11.25, 0, 11.2, 15.8, 0, 0, 3.85, 0, 10.85, 1.9, 1.8, 0, 2.9, 3.6, 0, 13.25, 3.25, 1.1, 7.15, 3.9, 2.1, 3.05, 16.3, 0.8, 0, 20.9, 6.05, 11.2, 3.05, 5.15, 3.9, 4.2, 7.3, 5.6, 0.8, 7.4, 2.85, 0, 0, 6.7, 6.4, 2.25, 0, 0, 2.05, 0, 7.15, 1.25, 5.6, 4.4, 1.1, 0, 3.2, 12.7, 4.05, 0.8, 9.35, 3.25, 3.15, 6.8, 0, 2.35, 15.3, 4.15, 6.3, 0, 9.7, 1.0, 4.4, 1.8, 1.0, 8.95, 2.05, 0, 1.25, 1.0, 0, 5.75, 0, 0, 4.6, 1.8, 1.8, 3.0, 7.15, 3.3, 2.8, 1.6, 0.8, 1.8, 0, 0, 0, 5.2, 3.95, 2.35, 8.3, 2.35, 0, 0], [61.6, 76.6, 9.85, 155.65, 25.4, 9.2, 5.85, 20.9, 606.9, 19.9, 15.1, 52.6, 10.15, 45.6, 13.45, 27.8, 17.5, 21.3, 20.75, 18.6, 9.8, 24.85, 20.2, 3.8, 2.9, 12.8, 5.1, 3.05, 56.15, 12.85, 7.55, 1.8, 3.25, 14.85, 7.55, 15.35, 29.25, 9.55, 13.4, 16.15, 36.55, 4.05, 30.15, 24.65, 6.05, 14.35, 16.15, 5.7, 3.7, 21.0, 3.05, 43.15, 13.1, 22.4, 12.35, 28.0, 1.1, 22.4, 10.05, 18.85, 8.75, 8.3, 1.8, 0, 11.0, 1.9, 26.3, 27.3, 0, 2.85, 8.2, 3.8, 6.8, 4.05, 12.75, 6.55, 6.1, 56.35, 4.1, 6.4, 6.1, 28.15, 0.8, 2.7, 8.25, 6.4, 25.6, 5.05, 6.9, 2.25, 1.25, 3.3, 9.1, 16.5, 6.1, 4.05, 2.0, 29.7, 7.4, 8.7, 7.85, 0.8, 14.5, 3.6, 7.6, 1.8, 5.1, 2.6, 4.25, 0, 38.0, 1.25, 4.5, 7.45, 0, 7.5, 8.45, 11.9, 2.25, 9.55, 0, 5.5, 16.2, 1.8, 3.15, 2.85, 2.25, 5.4, 5.45, 2.05, 3.45, 6.85, 3.3, 2.05, 3.5, 2.35, 2.0, 1.6, 11.65, 3.4, 1.8, 4.75, 6.35, 5.1, 2.0, 2.0, 1.0, 4.25, 0, 1.25, 1.8, 2.5, 5.0, 9.2, 22.2, 2.6, 6.4, 60.9, 4.1, 5.05, 61.8, 0.8, 3.25, 2.1, 7.85, 4.5, 4.4, 12.75, 3.2, 3.5, 2.25, 3.05, 1.0, 0, 8.25, 7.2, 6.0, 0, 1.25, 0, 2.35, 11.1, 0.8, 6.75, 2.05, 2.0, 1.9, 4.5, 6.5, 3.0, 0.8, 6.2, 0, 0, 0, 8.95, 6.25, 0, 0, 2.0, 2.1, 0, 5.55, 3.25, 17.6, 4.5, 1.25, 1.0, 0, 4.0, 4.3, 1.0, 6.2, 1.0, 3.05, 0, 1.1, 9.35, 6.3, 4.25, 3.9, 1.8, 3.9, 1.6, 2.0, 3.1, 0, 2.6, 4.1, 2.0, 0, 4.05, 0, 7.95, 0, 0, 0, 6.95, 1.1, 19.6, 7.7, 3.05, 1.0, 1.0, 2.9, 1.1, 0, 0.8, 0, 1.25, 1.1, 7.3, 5.65, 2.0, 0, 0], [303.55, 34.05, 203.05, 11.05, 23.8, 5.15, 3.35, 18.15, 19.9, 616.1, 5.7, 42.65, 98.5, 54.25, 11.05, 45.0, 6.0, 55.55, 15.45, 24.3, 84.1, 27.0, 6.65, 3.45, 23.15, 50.55, 7.1, 0, 9.55, 5.4, 26.6, 8.55, 2.25, 10.35, 15.75, 40.25, 14.95, 3.8, 13.8, 8.15, 11.55, 0, 5.15, 15.85, 0, 35.3, 11.35, 0, 2.0, 6.05, 4.7, 6.0, 9.4, 14.45, 6.1, 12.1, 7.6, 8.2, 19.8, 18.25, 10.2, 1.0, 5.15, 21.35, 1.9, 2.0, 4.0, 16.35, 31.85, 24.4, 6.95, 28.2, 4.4, 2.9, 9.75, 9.2, 7.1, 5.3, 7.05, 27.65, 3.65, 10.55, 1.8, 3.75, 4.45, 14.15, 4.55, 9.25, 21.65, 9.45, 43.3, 3.35, 22.4, 16.8, 3.1, 5.85, 6.55, 6.35, 2.0, 5.4, 5.6, 1.0, 8.7, 21.45, 62.0, 23.4, 39.5, 0, 4.35, 0, 4.9, 7.75, 17.25, 3.45, 55.6, 10.1, 0, 11.55, 26.35, 2.5, 7.0, 5.15, 13.8, 10.8, 3.35, 8.95, 4.55, 12.55, 3.6, 12.2, 3.05, 5.35, 13.95, 5.5, 11.2, 13.95, 15.8, 3.8, 6.35, 5.5, 1.9, 5.35, 13.0, 4.7, 4.15, 13.1, 8.5, 7.5, 0, 0, 1.25, 7.9, 0.8, 5.05, 4.7, 8.7, 2.6, 3.05, 7.15, 10.5, 1.8, 0, 7.45, 4.9, 9.1, 1.8, 0, 10.7, 0, 2.35, 0.8, 10.5, 10.1, 0, 4.5, 0, 2.6, 0.8, 4.35, 7.65, 2.35, 2.05, 5.1, 2.35, 4.95, 3.5, 1.0, 0.8, 4.8, 6.7, 2.05, 6.0, 2.05, 9.2, 0, 8.1, 1.0, 10.6, 1.0, 4.15, 1.8, 12.95, 1.8, 7.7, 4.35, 2.35, 13.65, 1.0, 18.65, 8.5, 4.1, 7.55, 8.4, 2.0, 0, 14.45, 0, 0, 5.5, 5.35, 3.25, 0, 5.55, 5.95, 3.6, 1.0, 8.2, 1.25, 0, 2.1, 14.2, 2.25, 0, 3.6, 27.35, 2.6, 0.8, 3.6, 0, 1.0, 3.9, 4.05, 0, 19.35, 2.0, 3.15, 0, 9.55, 0, 2.0, 10.05, 3.25, 8.5, 3.15, 0, 1.0], [38.25, 77.0, 8.25, 46.7, 26.65, 6.95, 6.0, 23.1, 15.1, 5.7, 522.5, 12.95, 15.2, 16.85, 26.25, 10.45, 46.3, 16.6, 39.4, 24.95, 8.9, 54.85, 8.65, 17.05, 48.15, 13.1, 209.2, 0, 42.15, 15.1, 4.85, 176.65, 10.65, 3.15, 11.8, 11.55, 10.6, 7.4, 4.1, 8.4, 10.15, 0, 37.25, 11.3, 29.7, 5.9, 10.4, 2.8, 2.7, 3.35, 1.6, 7.55, 4.25, 17.4, 0, 6.45, 38.4, 9.9, 10.0, 2.9, 20.15, 5.9, 8.2, 1.0, 3.25, 1.9, 5.4, 13.2, 50.9, 11.25, 6.45, 6.3, 4.3, 1.9, 8.8, 6.65, 35.65, 0, 6.0, 5.4, 14.65, 5.15, 7.05, 43.75, 23.9, 7.15, 2.0, 2.4, 3.25, 8.15, 0, 25.1, 13.95, 2.9, 6.05, 5.95, 28.7, 1.0, 21.4, 23.15, 2.0, 0.8, 4.7, 2.0, 2.35, 5.6, 0, 18.95, 4.6, 26.95, 6.95, 0, 3.0, 10.95, 0, 2.85, 9.1, 0, 1.1, 1.9, 0, 8.35, 3.75, 4.85, 6.75, 4.35, 7.7, 0.8, 40.3, 5.2, 7.5, 1.1, 3.85, 8.55, 2.35, 4.3, 0, 7.3, 3.15, 14.0, 8.6, 0.8, 3.35, 2.1, 1.25, 0, 7.3, 1.0, 0.8, 0.8, 4.15, 7.45, 4.5, 5.95, 2.05, 4.3, 4.45, 0.8, 3.8, 3.35, 2.8, 0, 0, 1.8, 2.5, 5.45, 7.8, 2.1, 1.9, 5.3, 2.0, 0, 1.0, 0, 2.8, 7.05, 5.15, 3.8, 2.9, 2.25, 5.95, 1.0, 0, 0.8, 0, 7.7, 11.05, 0, 2.0, 0, 0, 2.6, 1.1, 0, 0, 0, 2.2, 1.0, 0, 0, 7.85, 2.0, 1.25, 3.05, 4.6, 5.4, 1.0, 0, 2.0, 2.0, 0, 3.25, 1.1, 1.1, 24.1, 1.25, 0, 3.9, 2.9, 5.75, 5.65, 1.0, 2.35, 1.0, 1.8, 0, 2.9, 8.5, 14.15, 3.0, 0.8, 0.8, 0, 2.9, 0, 0, 15.95, 2.5, 0, 0, 1.1, 3.5, 7.85, 0, 3.35, 2.8, 0, 3.15, 0, 7.0, 7.2, 1.1, 0.8, 7.65, 0, 1.25], [96.5, 74.3, 40.6, 116.35, 44.55, 17.9, 17.45, 44.2, 52.6, 42.65, 12.95, 651.55, 15.8, 60.35, 50.95, 37.9, 5.4, 24.2, 5.1, 16.4, 20.95, 24.25, 12.75, 32.85, 23.15, 89.3, 13.05, 7.45, 42.15, 1.1, 25.2, 11.65, 21.75, 49.65, 11.4, 19.5, 14.95, 15.45, 13.25, 23.05, 3.7, 4.05, 33.75, 18.1, 10.65, 31.9, 18.55, 7.5, 11.2, 5.35, 10.4, 14.35, 15.05, 30.35, 42.45, 3.1, 9.55, 13.65, 7.15, 13.75, 13.55, 11.9, 2.85, 3.9, 8.95, 4.85, 16.65, 2.1, 2.1, 6.9, 7.3, 7.4, 8.9, 7.65, 7.1, 3.3, 14.5, 28.35, 1.0, 2.1, 2.1, 2.05, 6.85, 3.1, 3.0, 1.9, 3.0, 20.9, 8.25, 6.1, 9.6, 0, 10.9, 23.7, 4.0, 3.15, 11.35, 1.8, 3.2, 14.15, 10.8, 1.6, 5.5, 5.7, 7.3, 1.9, 4.6, 2.1, 6.5, 2.0, 2.05, 0.8, 8.65, 2.1, 0, 5.75, 1.0, 2.7, 5.6, 14.25, 13.15, 9.85, 7.3, 0.8, 7.55, 10.95, 0, 2.5, 3.1, 0, 2.1, 10.6, 3.15, 15.0, 1.25, 9.45, 0.8, 16.15, 28.2, 6.15, 10.4, 3.6, 5.0, 9.15, 11.3, 1.0, 1.0, 1.0, 5.25, 2.1, 0.8, 0, 2.7, 3.8, 8.8, 1.0, 6.05, 2.25, 4.25, 1.9, 1.0, 0, 23.5, 5.25, 7.0, 4.1, 9.4, 15.65, 1.0, 0, 5.6, 0, 1.25, 3.0, 8.2, 1.0, 5.9, 0, 3.4, 1.0, 4.65, 0, 6.85, 3.9, 3.05, 8.8, 2.25, 2.0, 7.6, 0, 3.6, 10.6, 0, 7.5, 0, 0, 1.25, 0, 1.8, 3.2, 2.0, 5.9, 2.25, 5.15, 2.35, 2.25, 1.0, 0, 5.85, 3.7, 4.85, 1.0, 2.6, 3.5, 1.0, 1.25, 3.25, 2.4, 1.0, 6.75, 9.6, 4.85, 0, 2.1, 2.8, 3.7, 0, 0, 8.4, 6.1, 1.8, 1.6, 0, 0, 4.25, 1.9, 0, 6.2, 2.25, 0, 3.7, 1.0, 0, 2.0, 5.95, 3.2, 0, 5.15, 2.0, 4.8, 1.6, 3.1, 0, 1.0, 0, 7.7], [289.9, 24.0, 61.15, 8.0, 14.55, 0, 2.2, 9.35, 10.15, 98.5, 15.2, 15.8, 502.6, 40.95, 4.65, 46.25, 9.95, 31.2, 32.55, 4.8, 26.9, 32.5, 6.35, 5.75, 37.9, 12.1, 16.8, 0, 7.25, 8.1, 26.65, 17.75, 4.5, 1.0, 3.35, 29.15, 23.05, 5.85, 2.9, 14.85, 6.6, 1.25, 1.0, 2.1, 3.8, 9.0, 14.1, 0, 1.0, 10.3, 1.25, 6.25, 1.25, 23.1, 1.6, 10.95, 4.95, 5.9, 6.8, 10.85, 4.8, 5.15, 3.35, 7.15, 4.6, 2.25, 8.2, 20.9, 26.7, 5.3, 2.0, 90.5, 3.85, 0.8, 7.45, 8.55, 6.15, 0, 4.35, 23.1, 8.95, 11.95, 2.25, 8.2, 9.15, 13.15, 2.25, 0.8, 9.85, 1.0, 19.75, 2.25, 7.4, 9.35, 6.65, 3.35, 12.45, 11.7, 2.85, 5.2, 11.3, 1.8, 3.25, 11.05, 22.3, 33.85, 28.35, 2.05, 1.1, 0, 8.1, 0, 12.65, 1.8, 14.9, 3.25, 1.0, 16.35, 10.15, 2.8, 6.2, 1.1, 5.65, 4.45, 1.25, 1.9, 3.35, 4.3, 9.3, 6.0, 2.25, 1.8, 8.0, 15.2, 4.05, 9.35, 14.85, 0.8, 0, 2.8, 0, 13.5, 38.45, 8.3, 1.6, 11.75, 12.1, 2.05, 0, 0, 2.1, 3.1, 5.95, 4.15, 1.8, 1.9, 5.15, 0, 14.4, 9.65, 1.0, 0, 0.8, 1.8, 3.05, 2.6, 2.25, 4.8, 0, 0.8, 2.5, 11.15, 0.8, 2.2, 10.45, 0, 5.85, 1.1, 2.5, 1.0, 1.25, 1.0, 4.6, 3.05, 5.25, 1.0, 1.0, 0.8, 1.9, 7.65, 1.25, 4.85, 0, 1.8, 0, 4.2, 4.35, 11.6, 1.0, 1.1, 1.1, 2.35, 2.8, 17.05, 5.05, 3.05, 2.05, 0, 0.8, 2.9, 3.15, 5.2, 5.05, 1.25, 3.2, 4.25, 0, 1.25, 5.6, 2.1, 0, 1.0, 3.35, 5.3, 3.9, 2.5, 4.05, 0, 1.0, 4.75, 24.45, 2.25, 0, 4.3, 0, 0, 1.6, 0, 0, 0, 4.75, 2.05, 1.0, 15.4, 1.1, 3.5, 0, 1.0, 0, 0.8, 7.25, 0, 8.0, 1.25, 1.25, 1.25], [110.75, 72.9, 45.3, 32.35, 30.8, 11.8, 10.35, 36.7, 45.6, 54.25, 16.85, 60.35, 40.95, 620.1, 33.65, 63.65, 16.65, 111.45, 12.7, 14.7, 21.0, 55.35, 45.95, 25.05, 19.0, 40.9, 10.5, 4.05, 18.0, 7.45, 50.7, 10.55, 21.8, 16.3, 10.8, 30.85, 7.65, 6.35, 18.35, 40.1, 19.6, 6.25, 7.75, 23.25, 5.75, 35.65, 36.0, 1.25, 2.85, 6.5, 6.1, 2.2, 8.45, 14.95, 10.25, 3.25, 7.65, 6.55, 16.25, 15.0, 27.2, 9.3, 3.15, 9.85, 6.6, 3.35, 16.8, 5.3, 2.05, 8.65, 21.3, 18.7, 3.6, 8.35, 21.75, 0, 17.6, 7.45, 1.0, 8.75, 1.8, 2.4, 1.6, 8.65, 1.6, 18.9, 10.4, 2.0, 30.9, 13.85, 12.85, 4.15, 13.85, 5.05, 2.0, 3.65, 8.25, 34.2, 3.0, 22.35, 7.85, 17.95, 0, 16.4, 13.95, 10.05, 13.55, 10.4, 13.0, 13.1, 5.05, 3.3, 7.95, 1.25, 5.7, 19.9, 6.1, 35.95, 6.7, 7.2, 1.0, 18.0, 19.45, 2.35, 4.55, 10.75, 0, 1.8, 2.8, 6.45, 1.9, 4.15, 11.5, 7.15, 3.25, 8.15, 19.05, 3.05, 12.35, 0, 2.25, 12.4, 6.65, 21.3, 2.25, 4.4, 3.5, 6.7, 1.1, 1.1, 3.25, 3.6, 7.25, 2.05, 1.0, 4.05, 4.05, 12.1, 15.9, 3.0, 6.1, 7.05, 1.0, 12.85, 3.3, 1.8, 7.45, 11.95, 1.25, 0, 1.6, 4.8, 6.7, 4.35, 20.3, 4.0, 14.8, 2.25, 0, 0, 0.8, 7.05, 1.25, 1.8, 15.55, 4.3, 5.35, 1.0, 7.7, 1.0, 13.95, 9.85, 0, 3.05, 0.8, 9.65, 0.8, 17.7, 10.6, 4.2, 2.0, 2.05, 6.05, 3.2, 5.15, 5.7, 1.0, 0.8, 3.05, 1.8, 1.0, 0, 5.45, 1.1, 4.55, 12.85, 0.8, 0, 8.1, 11.7, 5.95, 2.25, 4.45, 4.85, 5.15, 1.0, 9.4, 0, 1.0, 4.4, 3.35, 0.8, 1.0, 0, 4.4, 10.05, 2.35, 5.05, 0, 1.0, 2.85, 7.45, 0, 3.6, 1.0, 1.1, 1.0, 3.2, 0, 4.95, 6.4, 0, 15.25, 0, 0, 4.1], [41.45, 12.8, 42.35, 193.3, 11.0, 4.6, 4.6, 7.55, 13.45, 11.05, 26.25, 50.95, 4.65, 33.65, 477.05, 5.6, 15.35, 33.6, 1.25, 4.05, 18.75, 72.1, 1.8, 14.6, 3.4, 68.85, 37.35, 2.5, 10.4, 0, 5.75, 80.55, 7.2, 200.4, 4.5, 10.5, 7.85, 10.7, 15.0, 4.95, 0, 3.6, 7.0, 10.65, 17.15, 12.15, 11.2, 0, 0, 2.25, 2.35, 3.05, 11.35, 5.05, 48.95, 0, 1.0, 7.35, 0.8, 1.25, 15.85, 13.15, 0, 59.85, 2.6, 1.1, 6.4, 0.8, 6.05, 3.85, 9.45, 0.8, 5.6, 3.7, 10.45, 0.8, 32.15, 11.8, 5.15, 1.1, 0, 1.1, 3.05, 1.0, 5.3, 0, 0, 1.0, 6.65, 4.3, 2.0, 1.1, 5.3, 2.6, 3.05, 0, 9.35, 0, 0, 5.0, 3.0, 1.0, 1.8, 3.2, 9.9, 8.85, 4.9, 4.15, 6.15, 3.05, 1.9, 0, 3.8, 2.25, 1.25, 11.65, 10.35, 2.05, 0.8, 78.75, 2.0, 6.5, 53.35, 0, 34.25, 12.55, 0, 0, 0, 1.25, 6.9, 1.6, 0, 12.4, 0, 3.85, 1.25, 7.15, 17.35, 5.45, 5.35, 2.5, 1.1, 0, 0.8, 4.7, 3.85, 1.0, 0, 0, 3.15, 0.8, 4.3, 1.25, 0, 1.25, 1.8, 0, 0, 1.1, 0, 0, 5.7, 0, 4.1, 0, 3.95, 8.2, 0.8, 4.05, 3.1, 0, 1.0, 1.0, 7.7, 10.35, 0, 2.85, 5.65, 0.8, 1.0, 0, 0, 0, 0, 7.15, 2.8, 0.8, 8.35, 1.25, 1.0, 3.7, 0, 0, 1.25, 0, 1.1, 0, 2.1, 0, 1.8, 2.8, 8.8, 2.8, 0, 0.8, 1.0, 0, 2.85, 5.8, 2.25, 2.5, 1.8, 1.0, 2.25, 0.8, 0, 0, 1.0, 7.9, 4.3, 1.6, 0, 1.0, 3.0, 1.8, 4.1, 0.8, 4.9, 5.8, 0.8, 0, 1.25, 1.6, 1.0, 0, 3.45, 15.4, 0, 0, 0, 1.0, 2.05, 1.0, 5.65, 12.15, 0, 3.0, 0, 2.8, 0, 0.8, 0, 0, 1.0, 31.55], [61.1, 81.1, 30.9, 17.55, 49.7, 12.9, 9.9, 39.15, 27.8, 45.0, 10.45, 37.9, 46.25, 63.65, 5.6, 570.9, 17.15, 41.3, 27.0, 13.6, 21.5, 39.0, 30.6, 11.75, 28.6, 28.5, 9.55, 3.6, 5.35, 19.95, 5.8, 6.0, 9.7, 2.4, 18.9, 13.65, 15.2, 13.9, 7.6, 43.2, 22.85, 4.4, 6.15, 10.3, 5.85, 9.2, 25.75, 2.9, 3.6, 7.9, 6.1, 0, 9.4, 44.65, 1.0, 17.45, 9.8, 9.3, 22.7, 32.45, 7.15, 12.6, 40.0, 4.6, 1.6, 3.7, 8.3, 14.1, 8.25, 3.35, 10.9, 15.0, 3.85, 7.45, 17.4, 6.85, 1.1, 7.05, 30.25, 19.8, 9.95, 7.55, 3.6, 2.2, 5.9, 20.35, 5.15, 3.5, 4.9, 1.0, 9.5, 4.1, 17.65, 4.05, 26.85, 27.05, 2.25, 35.15, 8.55, 6.9, 24.6, 12.6, 7.9, 5.85, 3.6, 4.15, 45.75, 3.7, 1.8, 2.7, 1.8, 12.6, 15.3, 2.25, 14.15, 10.55, 5.95, 121.95, 1.8, 1.0, 2.35, 3.3, 3.65, 26.15, 3.7, 5.5, 1.25, 0, 2.7, 7.95, 3.15, 0.8, 10.75, 4.7, 26.8, 9.05, 19.25, 6.15, 0, 3.5, 5.05, 5.85, 11.6, 32.15, 2.05, 5.25, 3.1, 1.8, 1.8, 4.5, 5.7, 15.3, 0, 2.1, 0, 13.5, 6.45, 4.85, 7.15, 6.4, 9.75, 7.0, 0.8, 2.8, 6.2, 3.3, 6.05, 3.0, 2.9, 2.85, 1.8, 13.6, 5.3, 3.8, 13.0, 3.15, 7.45, 5.0, 5.95, 4.6, 3.6, 3.1, 10.3, 2.05, 17.45, 1.25, 1.0, 2.1, 16.45, 0, 9.75, 5.8, 1.25, 0, 1.8, 41.55, 1.0, 11.0, 0.8, 1.0, 5.5, 1.25, 5.3, 3.5, 1.8, 2.9, 3.0, 0.8, 3.6, 2.05, 3.05, 0.8, 9.1, 0, 0, 3.85, 0.8, 0, 10.15, 2.05, 2.05, 0, 5.9, 1.0, 3.85, 0, 1.25, 0, 6.15, 3.35, 3.1, 0.8, 1.0, 1.0, 0, 8.55, 1.1, 1.6, 0.8, 0, 10.45, 7.15, 0.8, 8.3, 1.1, 9.5, 0, 1.0, 4.05, 0, 1.1, 0, 2.7, 1.6, 1.25, 0], [23.25, 49.2, 2.5, 25.4, 43.8, 5.25, 1.25, 30.7, 17.5, 6.0, 46.3, 5.4, 9.95, 16.65, 15.35, 17.15, 466.5, 36.9, 32.2, 15.7, 4.5, 22.4, 10.8, 26.3, 6.85, 5.4, 26.6, 0, 8.4, 37.7, 1.0, 13.75, 26.9, 2.8, 5.1, 5.3, 11.5, 4.6, 3.0, 15.7, 33.3, 0, 7.55, 1.9, 45.05, 4.0, 21.8, 0, 1.6, 7.7, 0, 2.05, 3.0, 9.8, 0, 11.4, 0, 52.8, 30.8, 0.8, 0.8, 1.8, 1.25, 0, 4.95, 1.25, 8.6, 7.45, 2.25, 0, 4.25, 0.8, 4.15, 0, 17.85, 2.0, 3.5, 0.8, 4.9, 3.05, 3.35, 7.95, 31.75, 2.05, 23.2, 19.15, 3.8, 1.9, 3.25, 0, 1.25, 21.45, 8.7, 4.7, 15.0, 1.1, 9.1, 1.6, 20.2, 1.25, 2.9, 1.8, 4.25, 2.1, 0, 6.45, 0, 85.8, 0, 83.75, 2.35, 2.35, 1.8, 3.25, 2.5, 5.15, 29.75, 6.2, 0, 2.6, 1.25, 0.8, 14.4, 1.25, 0, 3.0, 0, 2.1, 2.9, 6.7, 41.3, 0.8, 1.0, 1.8, 1.9, 0, 2.6, 0, 0, 0, 1.0, 1.1, 2.85, 2.1, 0, 0, 5.4, 7.25, 0, 1.25, 1.0, 0.8, 9.4, 1.0, 0, 1.0, 0, 15.4, 2.05, 1.0, 14.3, 0, 0.8, 0, 0, 4.65, 6.2, 0, 1.0, 2.1, 1.1, 2.35, 8.6, 1.9, 3.8, 21.75, 1.1, 1.0, 2.25, 1.0, 0, 2.0, 0.8, 1.0, 1.25, 1.8, 5.7, 0, 0.8, 0, 1.8, 1.8, 0, 0, 0, 4.9, 6.85, 1.1, 0, 0, 0, 0, 0.8, 0, 2.35, 4.0, 0, 1.0, 0.8, 2.9, 19.95, 5.7, 11.25, 0, 2.05, 1.25, 0, 3.25, 3.9, 0, 1.1, 0, 10.55, 2.85, 1.0, 0, 0, 12.05, 0, 6.1, 0, 0, 0, 7.85, 0, 0, 1.25, 0, 0, 1.0, 14.15, 10.0, 13.55, 0, 0, 1.25, 0, 0, 0, 55.45, 0.8, 0.8, 0, 15.25, 0, 0], [137.1, 59.0, 60.0, 35.05, 24.25, 9.9, 6.0, 33.4, 21.3, 55.55, 16.6, 24.2, 31.2, 111.45, 33.6, 41.3, 36.9, 562.6, 19.15, 23.4, 28.65, 93.2, 11.5, 21.6, 19.65, 37.55, 9.7, 2.35, 5.65, 7.2, 33.85, 8.75, 15.15, 9.45, 10.2, 52.65, 11.65, 8.55, 14.4, 36.15, 11.7, 1.9, 5.3, 9.5, 8.65, 22.1, 17.75, 5.15, 2.35, 7.35, 2.5, 7.7, 3.35, 11.55, 4.25, 11.35, 12.85, 7.5, 10.2, 17.75, 7.6, 8.35, 5.0, 17.7, 5.7, 1.25, 6.2, 6.85, 10.35, 9.05, 3.8, 13.15, 5.75, 3.05, 13.25, 3.25, 12.0, 5.4, 3.6, 4.95, 2.05, 5.8, 6.65, 5.0, 9.35, 7.5, 7.05, 2.35, 31.8, 3.8, 5.15, 4.6, 11.25, 4.5, 6.65, 1.25, 5.3, 10.55, 8.95, 19.9, 8.7, 1.6, 8.0, 7.2, 14.35, 27.15, 12.35, 19.1, 3.1, 22.7, 9.4, 1.0, 9.9, 5.5, 7.1, 10.15, 3.9, 23.05, 13.55, 0.8, 4.95, 5.7, 37.75, 4.25, 14.0, 11.55, 2.2, 9.15, 1.25, 7.95, 10.8, 4.4, 9.6, 4.1, 3.15, 7.95, 5.2, 1.25, 6.1, 8.6, 6.4, 9.3, 4.4, 7.3, 2.25, 3.95, 19.85, 12.1, 0, 1.25, 6.95, 10.65, 4.25, 2.5, 2.5, 4.25, 1.0, 4.65, 10.7, 0.8, 4.65, 0, 4.85, 3.4, 5.8, 2.85, 9.55, 4.4, 1.0, 0, 2.4, 2.7, 19.7, 1.1, 8.4, 2.8, 9.15, 1.25, 5.85, 12.8, 1.25, 3.3, 3.3, 9.0, 3.05, 10.4, 3.15, 1.25, 4.55, 2.05, 7.0, 8.1, 0, 7.6, 0, 5.45, 2.25, 5.05, 1.9, 3.4, 3.95, 2.25, 3.25, 6.35, 8.15, 1.9, 0.8, 0, 5.95, 4.75, 5.4, 16.25, 5.85, 2.1, 1.1, 5.4, 0, 4.85, 2.1, 4.1, 10.0, 4.3, 2.2, 11.55, 3.8, 0, 8.2, 6.1, 0, 4.5, 6.05, 1.0, 0, 0, 5.75, 3.8, 0, 6.95, 1.0, 2.5, 2.25, 3.9, 1.8, 2.0, 3.85, 4.15, 0, 1.25, 0, 9.9, 8.5, 1.1, 5.2, 2.25, 1.25, 0], [29.5, 46.8, 17.9, 4.35, 63.8, 10.95, 7.25, 58.15, 20.75, 15.45, 39.4, 5.1, 32.55, 12.7, 1.25, 27.0, 32.2, 19.15, 441.85, 7.4, 14.75, 18.85, 18.95, 6.85, 13.65, 12.0, 6.05, 7.0, 5.1, 132.3, 1.8, 6.9, 4.6, 2.35, 6.5, 5.15, 13.55, 50.3, 4.75, 6.8, 49.65, 5.2, 6.2, 3.35, 16.6, 6.05, 15.15, 4.2, 1.0, 5.7, 4.25, 2.1, 1.25, 5.85, 0, 7.4, 0, 5.9, 16.75, 3.15, 2.9, 0.8, 2.05, 0, 1.0, 2.0, 4.6, 15.5, 3.05, 0, 7.5, 11.2, 3.85, 0, 17.9, 3.35, 2.1, 1.8, 6.9, 14.5, 14.7, 20.15, 3.85, 9.3, 15.85, 19.15, 2.1, 2.0, 8.35, 0.8, 7.4, 110.65, 7.25, 1.8, 19.85, 0.8, 4.65, 27.3, 43.4, 3.35, 5.05, 6.45, 2.2, 7.1, 1.25, 1.8, 3.85, 3.25, 0.8, 3.25, 4.45, 2.85, 3.45, 5.6, 6.55, 4.4, 3.05, 12.9, 2.85, 0.8, 0, 0, 1.9, 3.3, 1.25, 1.0, 3.25, 0, 10.0, 36.9, 7.45, 0.8, 9.1, 4.15, 0, 8.6, 15.8, 1.1, 0, 0, 0, 5.35, 18.55, 3.8, 2.25, 1.0, 4.0, 0, 0, 0, 0.8, 7.5, 3.8, 3.15, 0, 2.25, 3.9, 9.0, 7.05, 4.6, 18.7, 3.85, 0.8, 1.0, 0, 6.95, 1.25, 0, 0, 0.8, 2.6, 3.4, 0, 2.05, 4.9, 1.0, 1.6, 0, 4.25, 0, 5.25, 1.1, 1.1, 1.0, 1.25, 2.1, 3.4, 3.2, 0, 2.8, 8.15, 4.05, 0, 0, 0.8, 8.5, 12.3, 0, 0.8, 0, 0, 0, 4.95, 0.8, 3.35, 4.6, 6.05, 0, 0, 2.2, 0.8, 1.1, 5.25, 1.25, 0, 1.0, 0, 1.1, 13.55, 0, 2.2, 0, 8.05, 2.35, 2.25, 3.1, 0, 5.7, 0, 2.0, 4.4, 1.8, 3.1, 0, 2.0, 4.05, 9.25, 0, 3.1, 1.9, 6.2, 0.8, 6.95, 2.85, 1.0, 9.0, 0, 2.0, 1.1, 2.05, 1.1, 0, 0, 3.45, 1.0, 1.25], [32.4, 37.05, 6.65, 6.3, 16.4, 10.0, 3.6, 12.05, 18.6, 24.3, 24.95, 16.4, 4.8, 14.7, 4.05, 13.6, 15.7, 23.4, 7.4, 408.0, 0, 12.7, 9.7, 4.15, 53.45, 8.05, 17.75, 2.8, 20.85, 8.75, 3.35, 13.05, 1.0, 7.35, 6.5, 5.9, 22.95, 5.45, 3.05, 14.75, 13.55, 1.0, 20.75, 8.7, 15.75, 0, 5.2, 0.8, 0.8, 14.4, 2.8, 5.65, 22.1, 8.9, 0, 18.3, 30.15, 5.1, 7.2, 9.7, 17.65, 5.55, 2.5, 1.1, 4.75, 1.8, 22.9, 8.35, 3.5, 10.4, 2.8, 4.2, 3.6, 2.2, 2.6, 3.3, 11.5, 4.65, 0.8, 14.9, 9.65, 1.9, 0.8, 11.4, 5.8, 4.2, 16.0, 2.0, 4.7, 2.5, 3.1, 7.35, 6.8, 16.45, 6.7, 4.55, 9.3, 1.25, 2.0, 15.85, 2.05, 0, 16.3, 1.0, 1.0, 5.15, 6.4, 3.05, 3.1, 4.25, 0, 2.8, 8.05, 6.75, 0, 0.8, 2.9, 2.05, 0, 1.25, 0.8, 12.15, 1.25, 2.5, 5.3, 2.85, 7.35, 15.0, 8.75, 3.9, 2.8, 3.95, 1.25, 5.3, 1.25, 0, 10.55, 5.05, 0, 2.5, 1.6, 1.8, 1.0, 0.8, 0, 0, 0, 8.75, 0.8, 0, 0, 6.05, 4.0, 2.0, 4.15, 2.2, 4.4, 0, 0, 6.9, 0, 0, 0, 0, 3.6, 1.8, 0, 0, 1.25, 3.6, 0, 7.9, 3.8, 0, 0, 1.1, 19.5, 1.8, 5.9, 0, 7.5, 9.15, 0, 4.6, 0, 36.1, 0, 0.8, 1.9, 4.4, 1.0, 2.2, 2.05, 1.0, 0, 0, 2.1, 1.25, 0, 0, 2.5, 0.8, 5.4, 0, 0.8, 1.6, 2.25, 0, 0, 7.0, 4.0, 2.2, 2.0, 7.2, 0, 1.25, 0, 0, 0.8, 8.5, 23.9, 2.25, 1.6, 0.8, 1.25, 0.8, 4.55, 2.0, 7.15, 1.0, 1.0, 0, 0, 3.3, 0, 0, 2.25, 6.85, 0, 5.7, 0, 0.8, 3.8, 0, 2.25, 0, 0, 0, 0.8, 0.8, 0, 5.25, 4.15, 3.05, 0, 0], [138.85, 7.25, 116.5, 14.0, 10.3, 3.9, 1.0, 10.55, 9.8, 84.1, 8.9, 20.95, 26.9, 21.0, 18.75, 21.5, 4.5, 28.65, 14.75, 0, 429.6, 33.15, 9.0, 6.3, 28.55, 76.0, 9.0, 0, 1.8, 0, 36.0, 9.2, 4.8, 2.5, 3.8, 31.1, 5.4, 6.3, 24.0, 2.5, 8.2, 0.8, 0.8, 2.8, 0, 38.2, 6.35, 0, 1.1, 1.0, 0, 2.25, 1.0, 5.4, 8.75, 3.25, 0, 2.8, 11.65, 10.35, 0.8, 5.15, 3.25, 10.2, 4.85, 2.25, 2.35, 9.4, 35.9, 20.15, 0.8, 15.1, 3.8, 2.6, 1.9, 17.35, 6.4, 2.5, 4.75, 4.3, 3.05, 10.2, 0, 0, 2.7, 1.1, 3.05, 1.0, 29.65, 9.2, 7.35, 1.1, 5.15, 0.8, 0, 1.0, 3.6, 2.25, 4.3, 3.85, 1.0, 10.65, 4.0, 20.7, 51.1, 5.75, 10.55, 0, 0, 0, 10.45, 1.0, 18.25, 3.35, 5.6, 1.0, 0, 5.25, 28.6, 2.05, 8.2, 0.8, 21.2, 2.0, 3.15, 3.35, 0, 1.25, 0, 3.85, 0, 2.0, 19.1, 3.1, 5.55, 81.15, 4.8, 0.8, 11.15, 7.5, 2.05, 2.0, 4.25, 0, 1.25, 7.45, 2.85, 1.25, 0, 0, 8.55, 3.25, 2.8, 3.3, 0, 3.25, 3.05, 12.6, 3.25, 1.25, 22.8, 1.0, 2.25, 6.35, 3.85, 1.0, 3.95, 10.1, 0, 0, 0, 1.1, 0, 0, 1.6, 0, 0, 1.0, 2.1, 4.75, 0, 0, 7.0, 0.8, 0, 0, 0.8, 0, 0, 17.5, 3.6, 1.8, 0, 4.0, 0, 8.45, 6.1, 9.85, 0.8, 4.85, 3.9, 0.8, 2.0, 5.4, 6.95, 0, 5.25, 0, 3.05, 1.0, 0, 1.1, 1.1, 0, 0, 31.9, 0, 1.25, 3.25, 0, 0.8, 1.8, 1.1, 4.25, 0, 1.0, 12.2, 0, 0, 0.8, 4.35, 1.0, 0, 1.6, 9.15, 0, 0, 0, 0, 1.0, 2.8, 1.25, 0, 4.75, 7.85, 2.85, 0, 4.25, 0, 0, 0, 4.5, 1.6, 0.8, 0, 0], [79.25, 33.7, 73.45, 119.2, 25.5, 3.9, 4.4, 21.95, 24.85, 27.0, 54.85, 24.25, 32.5, 55.35, 72.1, 39.0, 22.4, 93.2, 18.85, 12.7, 33.15, 619.2, 18.35, 21.6, 40.3, 45.3, 53.3, 0, 8.55, 13.45, 7.35, 69.8, 19.7, 30.1, 12.2, 14.1, 10.6, 10.2, 16.9, 8.3, 18.3, 0, 7.35, 12.4, 12.2, 18.4, 14.9, 3.15, 1.25, 9.0, 0, 2.25, 8.6, 20.4, 9.95, 7.65, 19.85, 8.9, 18.65, 2.1, 8.45, 12.45, 17.15, 26.9, 2.6, 1.6, 7.9, 8.2, 63.35, 25.3, 9.25, 15.7, 6.85, 7.0, 13.25, 16.55, 36.15, 15.4, 18.0, 6.1, 5.9, 3.85, 4.6, 9.35, 14.55, 8.9, 4.75, 4.25, 11.85, 8.4, 18.1, 10.55, 28.55, 3.0, 2.0, 10.15, 16.95, 11.1, 6.15, 27.9, 19.6, 10.6, 5.5, 12.15, 11.6, 6.8, 11.6, 11.3, 1.0, 10.3, 8.8, 4.45, 9.9, 3.9, 7.6, 21.65, 4.65, 10.05, 9.4, 10.4, 2.6, 2.0, 38.95, 9.45, 34.45, 4.85, 4.0, 3.15, 2.1, 18.85, 11.15, 5.4, 14.8, 13.05, 4.85, 10.05, 11.7, 6.2, 12.25, 18.8, 6.4, 3.25, 3.6, 3.05, 3.3, 9.55, 2.05, 2.9, 0, 0, 8.6, 12.1, 6.8, 5.3, 2.25, 3.05, 0.8, 1.0, 4.05, 3.5, 1.8, 6.8, 2.9, 1.8, 1.8, 2.0, 8.8, 12.3, 1.8, 1.8, 0, 2.8, 2.9, 3.6, 9.25, 4.65, 1.25, 4.25, 4.25, 3.25, 1.0, 1.9, 4.4, 5.65, 2.05, 2.85, 7.7, 0.8, 5.25, 1.25, 5.05, 8.85, 0.8, 3.2, 0, 2.0, 1.0, 6.4, 0, 1.0, 4.7, 0, 16.15, 1.6, 6.0, 2.85, 3.15, 0, 2.05, 1.0, 2.05, 1.25, 2.6, 1.9, 5.8, 5.8, 0, 1.0, 3.8, 1.0, 2.7, 0, 3.1, 7.05, 5.0, 0, 4.4, 2.9, 2.25, 0.8, 2.9, 1.1, 0, 2.9, 3.5, 5.1, 0, 15.95, 1.1, 0, 2.8, 8.6, 0.8, 4.05, 4.95, 5.05, 1.0, 3.8, 0, 3.8, 6.15, 0, 1.25, 3.3, 0, 3.05], [30.85, 26.7, 2.1, 1.8, 11.45, 0.8, 0.8, 10.9, 20.2, 6.65, 8.65, 12.75, 6.35, 45.95, 1.8, 30.6, 10.8, 11.5, 18.95, 9.7, 9.0, 18.35, 383.8, 6.2, 8.25, 3.05, 2.4, 0, 11.35, 2.25, 5.1, 4.0, 2.6, 8.0, 1.25, 17.45, 12.35, 9.5, 4.35, 10.9, 3.05, 0, 13.3, 10.6, 3.9, 4.9, 9.8, 0, 0, 13.45, 0, 0, 10.2, 13.35, 1.0, 5.7, 2.1, 11.2, 18.45, 9.9, 1.0, 1.6, 0.8, 0, 2.4, 0, 6.15, 16.2, 0, 1.8, 4.7, 1.25, 0, 0.8, 4.15, 7.95, 0.8, 2.8, 7.25, 6.25, 5.1, 12.7, 2.85, 2.9, 2.0, 3.15, 1.25, 0, 1.25, 3.25, 2.35, 5.1, 10.05, 4.55, 1.8, 3.05, 4.85, 1.8, 1.0, 0, 5.0, 88.5, 2.6, 3.95, 2.0, 1.8, 6.9, 1.8, 0, 2.7, 0, 0, 5.45, 0.8, 2.35, 4.4, 1.0, 9.5, 0.8, 0, 1.0, 0, 5.1, 1.8, 1.1, 9.5, 2.5, 1.6, 4.4, 13.05, 3.65, 0, 2.4, 15.55, 6.55, 8.2, 0.8, 0, 0, 0, 0, 1.6, 3.05, 5.4, 0, 0, 0.8, 1.1, 0, 0, 5.05, 0, 5.75, 4.35, 0.8, 3.05, 0, 0, 5.6, 4.0, 0, 80.95, 0, 4.6, 4.6, 0, 1.8, 0, 0, 5.9, 2.05, 1.6, 0, 0, 4.05, 1.0, 4.95, 0.8, 1.8, 0, 0, 0, 4.7, 0.8, 1.8, 0, 0, 0, 6.45, 3.25, 2.05, 3.85, 0, 0, 0, 3.4, 1.8, 18.4, 0, 2.0, 0.8, 0, 2.35, 0, 0, 6.5, 2.5, 0, 1.0, 2.0, 1.0, 0, 7.25, 1.25, 0, 2.7, 0, 0, 4.4, 0, 1.1, 1.25, 1.25, 9.5, 3.2, 0, 0, 1.0, 0, 3.9, 0, 1.8, 0, 0.8, 3.25, 0, 0, 4.05, 0, 0.8, 3.9, 4.95, 0, 3.8, 1.0, 0, 0, 0, 0, 0, 0.8, 1.0, 2.1, 1.25, 0, 1.25], [16.7, 28.3, 8.95, 23.45, 13.5, 30.6, 27.4, 16.15, 3.8, 3.45, 17.05, 32.85, 5.75, 25.05, 14.6, 11.75, 26.3, 21.6, 6.85, 4.15, 6.3, 21.6, 6.2, 435.05, 8.35, 9.0, 8.15, 2.25, 5.9, 1.0, 12.75, 9.1, 308.8, 9.25, 17.9, 5.45, 9.3, 6.4, 9.65, 2.8, 8.35, 1.9, 6.85, 5.7, 8.95, 17.4, 7.15, 12.55, 9.4, 7.45, 8.25, 3.85, 10.45, 2.8, 3.6, 2.0, 7.35, 12.0, 7.2, 1.0, 10.1, 9.1, 11.35, 3.5, 26.1, 6.55, 6.2, 0, 1.25, 2.85, 3.15, 4.35, 13.95, 7.0, 5.7, 2.1, 2.05, 2.6, 11.5, 1.25, 2.85, 0, 6.7, 8.65, 5.3, 1.8, 5.55, 6.25, 9.5, 5.7, 2.1, 2.25, 16.5, 1.1, 1.1, 5.9, 6.95, 3.3, 10.8, 2.9, 3.15, 2.25, 7.05, 7.7, 2.1, 1.6, 2.05, 10.35, 3.05, 13.6, 5.55, 4.6, 0.8, 9.6, 0, 12.65, 10.0, 2.8, 1.0, 4.75, 0, 8.85, 4.05, 4.9, 2.5, 10.0, 4.55, 3.2, 7.5, 8.65, 9.9, 2.1, 2.05, 2.25, 6.25, 1.25, 2.6, 5.1, 2.35, 3.95, 1.8, 0, 0.8, 4.15, 6.3, 1.25, 0.8, 1.9, 2.0, 1.8, 0, 3.1, 4.5, 2.25, 3.25, 10.85, 2.35, 1.0, 0.8, 1.1, 1.0, 0.8, 0, 0, 1.0, 6.85, 44.6, 0, 2.25, 6.2, 1.8, 0, 4.0, 4.05, 4.8, 2.05, 1.0, 2.25, 1.0, 1.6, 0, 4.3, 2.0, 2.1, 1.8, 2.2, 5.1, 3.8, 2.8, 3.2, 2.9, 8.05, 3.75, 0, 0, 0, 1.0, 0.8, 1.0, 1.8, 3.1, 2.05, 3.5, 1.0, 3.5, 3.85, 1.25, 1.0, 1.1, 1.1, 1.0, 0.8, 1.1, 2.7, 0, 0, 5.3, 9.65, 1.0, 2.05, 2.2, 5.65, 3.1, 3.15, 3.15, 0, 0, 2.9, 0.8, 1.9, 2.0, 2.4, 0, 5.95, 1.25, 3.15, 3.35, 0.8, 1.8, 3.5, 1.1, 15.15, 0, 0, 2.35, 0, 0, 2.05, 0, 2.0, 4.6, 0, 0.8, 8.4, 0, 2.05], [42.75, 59.65, 6.55, 4.95, 62.45, 3.05, 0.8, 41.65, 2.9, 23.15, 48.15, 23.15, 37.9, 19.0, 3.4, 28.6, 6.85, 19.65, 13.65, 53.45, 28.55, 40.3, 8.25, 8.35, 471.4, 12.1, 31.85, 0, 3.85, 7.75, 0, 32.9, 7.55, 4.7, 0.8, 5.0, 7.6, 9.55, 11.95, 21.05, 15.35, 0, 10.0, 3.85, 7.75, 2.05, 16.55, 2.0, 0.8, 7.2, 1.25, 1.9, 1.0, 16.3, 5.15, 11.1, 101.95, 13.65, 13.8, 24.5, 2.05, 3.05, 6.75, 4.65, 2.0, 0, 2.6, 6.35, 8.0, 2.25, 8.25, 17.55, 0, 0, 12.35, 4.35, 7.95, 0.8, 10.75, 5.6, 29.25, 2.9, 0, 49.2, 18.9, 12.3, 0, 6.85, 2.4, 7.35, 0.8, 6.95, 3.3, 12.4, 4.0, 4.35, 24.7, 1.8, 13.8, 7.1, 3.45, 2.0, 15.75, 11.2, 7.1, 2.35, 1.8, 4.35, 0.8, 1.0, 0, 1.6, 7.95, 1.0, 4.55, 3.25, 4.85, 4.95, 15.95, 1.9, 2.35, 0, 0.8, 3.9, 1.8, 4.7, 7.3, 3.05, 38.7, 2.35, 3.05, 2.7, 8.9, 14.6, 4.75, 8.05, 4.15, 1.6, 0.8, 6.95, 1.6, 2.25, 1.9, 0.8, 1.0, 0, 5.4, 1.8, 0, 0, 0, 20.1, 9.05, 1.8, 2.0, 2.05, 2.2, 0, 2.1, 6.05, 2.05, 2.9, 2.05, 2.6, 2.0, 2.8, 5.85, 0.8, 0, 0.8, 0, 1.1, 1.0, 0, 7.85, 4.05, 2.5, 0, 2.6, 2.5, 3.9, 0, 0, 0, 0, 2.1, 13.05, 2.25, 3.05, 0, 0, 1.1, 1.25, 0, 0, 2.8, 3.35, 1.8, 0, 0.8, 3.05, 0, 2.5, 1.25, 0, 2.6, 4.15, 0, 4.15, 4.2, 0, 3.45, 1.9, 0, 0, 10.15, 0, 0, 8.65, 0, 1.1, 2.25, 2.8, 2.6, 0.8, 1.9, 0.8, 4.1, 1.0, 3.05, 12.9, 1.25, 1.25, 0.8, 1.25, 4.6, 2.25, 1.8, 0, 0, 0, 2.05, 0.8, 4.1, 3.25, 2.7, 0, 1.8, 2.35, 2.0, 1.9, 2.9, 0, 6.55, 0, 2.9], [95.35, 18.85, 102.8, 76.15, 9.25, 1.25, 1.25, 13.5, 12.8, 50.55, 13.1, 89.3, 12.1, 40.9, 68.85, 28.5, 5.4, 37.55, 12.0, 8.05, 76.0, 45.3, 3.05, 9.0, 12.1, 496.9, 18.6, 0, 5.55, 6.4, 50.25, 13.3, 4.3, 43.0, 1.6, 25.8, 2.5, 5.7, 13.25, 0.8, 7.2, 0, 1.8, 6.5, 2.9, 73.4, 12.8, 1.25, 0, 2.1, 0, 1.0, 7.1, 3.85, 24.9, 0, 5.75, 0.8, 6.95, 11.05, 2.5, 0, 4.05, 19.3, 0, 0, 2.6, 3.3, 7.3, 11.7, 2.25, 1.25, 0.8, 3.25, 7.05, 2.5, 11.75, 13.45, 2.25, 2.25, 1.25, 4.9, 0, 3.05, 2.25, 2.0, 0, 5.85, 23.55, 27.85, 15.65, 5.55, 9.2, 2.8, 1.8, 2.8, 3.4, 0, 2.05, 31.85, 9.9, 1.6, 4.8, 25.05, 14.65, 0, 5.75, 0, 3.8, 0, 0, 3.8, 6.75, 0.8, 12.2, 3.7, 0, 13.3, 11.7, 9.3, 3.2, 1.25, 15.65, 1.8, 19.7, 4.4, 2.85, 2.35, 0, 4.1, 1.0, 2.05, 26.0, 4.4, 6.9, 18.4, 2.05, 6.0, 35.35, 6.8, 1.8, 1.0, 5.25, 4.05, 4.85, 4.3, 0, 2.0, 0, 0, 4.1, 2.25, 4.5, 0, 1.0, 2.1, 1.0, 5.7, 1.0, 2.25, 6.95, 0, 10.1, 22.8, 4.15, 0.8, 1.8, 43.75, 0.8, 1.0, 0, 2.0, 1.0, 2.1, 7.15, 0, 2.85, 3.05, 0, 0, 0.8, 0, 1.25, 0, 2.05, 5.65, 2.8, 1.25, 0.8, 0, 3.8, 3.5, 2.25, 2.6, 0, 18.65, 4.25, 2.0, 3.8, 10.4, 0.8, 1.0, 15.35, 1.1, 0, 0.8, 0, 0, 5.05, 1.1, 0, 0, 1.9, 1.1, 3.85, 9.7, 0, 0, 1.0, 1.25, 6.9, 5.1, 0, 3.6, 2.6, 0, 2.25, 1.0, 0, 0.8, 1.1, 0, 0, 0, 14.45, 0, 0.8, 9.9, 0, 0, 0.8, 1.0, 3.1, 5.5, 7.95, 3.0, 0, 1.0, 0, 0, 6.0, 4.15, 0, 0.8, 0, 6.95], [30.9, 38.15, 12.3, 51.2, 15.4, 1.1, 5.3, 11.05, 5.1, 7.1, 209.2, 13.05, 16.8, 10.5, 37.35, 9.55, 26.6, 9.7, 6.05, 17.75, 9.0, 53.3, 2.4, 8.15, 31.85, 18.6, 400.1, 0, 41.9, 2.0, 6.1, 153.95, 2.0, 2.05, 7.1, 8.55, 3.35, 4.05, 4.9, 5.35, 2.9, 1.0, 11.95, 36.0, 13.35, 17.2, 7.95, 0, 0.8, 1.8, 0, 0, 2.35, 12.5, 1.1, 2.25, 23.5, 10.85, 11.1, 2.8, 16.65, 7.9, 7.1, 2.1, 0, 1.1, 6.85, 2.25, 47.0, 13.65, 20.95, 7.3, 3.05, 1.1, 9.15, 5.5, 36.65, 1.25, 3.0, 2.25, 5.75, 2.7, 1.6, 19.85, 8.3, 1.0, 0, 1.6, 1.1, 7.35, 3.2, 4.6, 9.05, 4.05, 7.8, 7.1, 28.25, 0, 2.1, 26.2, 4.1, 1.6, 2.1, 1.8, 1.25, 5.5, 1.1, 14.4, 5.7, 14.8, 0, 0, 2.1, 0, 0, 2.05, 11.05, 2.05, 1.1, 0, 0, 7.9, 3.75, 3.75, 7.65, 2.1, 1.9, 0, 9.95, 1.0, 6.4, 0, 1.6, 7.85, 1.25, 4.3, 0, 5.25, 2.05, 12.9, 12.7, 1.9, 0, 0, 0, 2.2, 4.35, 0, 0, 0, 3.6, 8.4, 3.3, 4.15, 0, 3.05, 4.45, 0, 3.8, 4.35, 0, 0.8, 0, 0.8, 2.5, 0, 1.8, 0, 1.25, 4.15, 0, 0.8, 0, 0.8, 4.35, 9.0, 4.35, 1.1, 0.8, 1.0, 3.85, 0, 0, 0.8, 0, 5.4, 7.25, 0, 3.0, 1.1, 1.6, 1.25, 1.9, 0, 0, 0, 0, 2.1, 1.1, 0, 8.95, 1.0, 0, 2.05, 0, 3.6, 2.4, 0, 2.8, 1.1, 0.8, 4.35, 0.8, 0, 13.85, 1.25, 0, 0, 1.0, 4.5, 4.4, 0, 0, 2.1, 2.8, 0, 3.4, 8.4, 9.65, 2.85, 3.7, 1.0, 0, 1.0, 0, 1.0, 3.35, 2.05, 0, 0, 0, 5.0, 3.05, 0, 1.1, 5.5, 0, 6.7, 0, 2.9, 11.5, 0, 0, 2.8, 0, 1.25], [0, 96.4, 1.0, 3.05, 0, 141.2, 238.4, 0, 3.05, 0, 0, 7.45, 0, 4.05, 2.5, 3.6, 0, 2.35, 7.0, 2.8, 0, 0, 0, 2.25, 0, 0, 0, 373.05, 2.1, 6.4, 0, 0, 2.25, 0, 49.6, 1.0, 1.0, 60.75, 0, 0, 4.4, 90.5, 0, 0, 19.25, 0, 0, 33.8, 55.5, 0, 84.45, 8.9, 21.6, 0, 0, 0.8, 0, 9.8, 1.8, 0, 1.0, 10.85, 9.0, 0, 31.0, 55.9, 0, 0, 0, 0, 0, 0.8, 26.85, 77.65, 0, 0, 1.0, 0, 0, 0.8, 1.0, 1.0, 46.1, 0, 0, 2.0, 15.3, 8.0, 0, 0, 0, 2.1, 1.25, 0, 0, 14.7, 0.8, 0, 1.0, 2.2, 2.8, 0, 15.95, 2.25, 0, 0, 0, 0, 10.0, 0, 1.0, 20.55, 1.1, 4.3, 0, 5.05, 5.3, 1.8, 0, 0, 0, 0, 2.05, 3.35, 0, 0.8, 0, 0.8, 1.0, 0, 1.1, 7.05, 0, 0.8, 1.0, 0, 0, 5.35, 0, 2.35, 8.9, 6.3, 1.0, 0, 4.25, 0, 0, 0, 50.3, 26.4, 0, 0, 1.0, 0, 2.6, 5.05, 0.8, 0, 0, 0, 0, 0, 0, 0, 10.5, 0, 1.6, 0, 7.7, 1.0, 28.55, 0, 0, 0, 0, 0, 0, 9.35, 0, 0, 16.35, 1.1, 0, 8.9, 4.2, 1.0, 0, 3.35, 0.8, 0, 0, 0, 0, 0, 31.35, 0, 0.8, 0, 1.8, 0, 0, 0, 2.7, 0, 1.25, 0, 1.0, 24.65, 0, 0, 1.1, 0, 0, 0, 0, 0, 27.45, 6.15, 0, 0, 0, 0, 0, 0, 0, 12.65, 0, 0, 1.1, 0, 0, 11.55, 33.2, 0, 0, 0, 0, 0, 10.65, 0.8, 0, 0, 0, 0, 0, 0, 29.45, 3.05, 8.75, 0, 0.8, 2.8, 0, 0, 29.25, 0], [43.1, 92.4, 4.0, 21.4, 21.35, 24.3, 20.1, 12.1, 56.15, 9.55, 42.15, 42.15, 7.25, 18.0, 10.4, 5.35, 8.4, 5.65, 5.1, 20.85, 1.8, 8.55, 11.35, 5.9, 3.85, 5.55, 41.9, 2.1, 399.25, 5.0, 6.85, 17.85, 4.3, 10.35, 12.9, 8.85, 20.8, 9.0, 8.4, 18.8, 9.0, 6.2, 72.05, 29.1, 15.3, 9.95, 4.5, 2.7, 2.05, 14.3, 11.25, 33.4, 20.8, 11.8, 3.85, 10.5, 2.8, 12.65, 3.8, 10.15, 45.9, 10.85, 2.1, 1.0, 8.15, 13.55, 27.9, 6.8, 2.25, 8.75, 3.7, 2.8, 15.2, 3.9, 2.1, 3.8, 29.65, 1.25, 2.25, 2.85, 5.05, 7.9, 2.05, 3.5, 1.1, 1.1, 10.15, 3.9, 4.5, 0, 1.1, 2.1, 9.85, 7.95, 0, 3.35, 10.7, 3.0, 2.0, 16.75, 1.25, 0, 7.5, 5.9, 1.0, 5.7, 1.25, 1.25, 16.85, 6.85, 18.7, 1.1, 3.25, 4.05, 0, 2.8, 8.2, 1.8, 1.0, 12.1, 1.1, 28.1, 2.35, 2.1, 0, 2.9, 3.35, 11.35, 3.35, 1.1, 5.2, 4.95, 0, 7.6, 1.9, 0, 1.0, 18.95, 0.8, 5.65, 12.25, 7.05, 4.05, 1.0, 1.0, 1.0, 1.25, 4.95, 0, 2.9, 0, 0.8, 2.35, 8.95, 17.0, 2.0, 5.5, 0, 3.8, 4.05, 0, 0, 1.0, 1.0, 3.6, 5.8, 3.85, 0, 0, 13.75, 4.6, 2.05, 2.25, 0, 2.5, 7.4, 7.1, 0.8, 3.1, 1.0, 6.8, 2.1, 0, 0, 0, 4.85, 0.8, 2.7, 5.8, 0, 0, 6.15, 0, 0, 0, 0, 0, 0, 2.1, 0, 1.25, 3.0, 2.9, 2.8, 9.2, 0, 1.25, 0, 0, 6.8, 9.45, 1.0, 0, 4.5, 27.5, 0, 0, 14.6, 2.0, 18.55, 7.25, 1.0, 0, 0, 0, 3.15, 1.25, 1.25, 21.15, 6.75, 0, 4.7, 1.0, 2.6, 0, 0, 5.15, 4.5, 1.1, 5.25, 1.1, 4.95, 1.0, 0, 0, 2.1, 0, 5.4, 1.9, 1.1, 1.9, 4.65, 1.8, 0.8, 0, 1.25], [10.95, 22.5, 2.25, 1.1, 58.05, 23.2, 8.5, 54.3, 12.85, 5.4, 15.1, 1.1, 8.1, 7.45, 0, 19.95, 37.7, 7.2, 132.3, 8.75, 0, 13.45, 2.25, 1.0, 7.75, 6.4, 2.0, 6.4, 5.0, 349.95, 0, 2.25, 1.8, 0, 15.0, 0.8, 15.4, 9.4, 9.1, 3.8, 87.45, 6.65, 1.0, 1.25, 22.9, 0, 11.65, 10.35, 1.0, 2.0, 2.0, 2.5, 1.25, 4.9, 0, 5.15, 0.8, 6.9, 27.55, 1.6, 1.8, 0, 0, 0, 2.1, 1.1, 9.65, 6.55, 1.6, 0, 3.15, 2.25, 4.15, 4.8, 11.0, 1.25, 0, 0.8, 4.85, 9.65, 5.95, 5.55, 5.25, 1.6, 22.6, 34.45, 19.8, 2.8, 2.5, 0, 3.05, 91.1, 3.05, 0, 16.0, 1.25, 3.6, 41.85, 60.25, 1.8, 7.8, 0, 0.8, 1.25, 1.25, 0, 2.